1 38 0
1 7 33 0

1 31 0
1 7 26 0

469 656 23
469 532 486 550 504 569 527 593 529 594 553 617 576 641 580 644 593 0

-1 501

529 689 17
529 594 550 614 576 641 580 644 617 682 625 0

-1 1001

-1 1501

-1 2001

2451 2469 0
2451 2454 2467 0

2451 2472 1
2451 2454 2470 0

2451 2468 0
2451 2454 2466 0

-1 2501

2938 3000 11
2938 2944 2942 2947 2946 2950 2972 2977 2980 2984 2997 0

2946 3000 6
2946 2950 2972 2977 2980 2984 2997 0

2971 3000 2
2971 2976 2978 2982 2997 0

2946 3016 8
2946 2950 2971 2976 2978 2982 3013 0

-1 3001

-1 3501

3591 3759 20
3591 3623 3597 3630 3603 3637 3609 3644 3614 3648 3630 3663 3637 3669 3647 3680 3649 3681 3728 0

3637 3785 20
3637 3669 3647 3680 3649 3681 3728 3761 3753 0

3566 3759 17
3566 3632 3630 3695 3637 3701 3696 0

3556 3750 25
3556 3588 3598 3631 3603 3637 3612 3647 3614 3648 3631 3664 3637 3669 3647 3680 3649 3681 3719 0

3801 3924 15
3801 3833 3809 3840 3810 3842 3858 3891 3884 3918 3885 3920 3890 0

3801 4000 32
3801 3833 3809 3840 3810 3842 3858 3891 3884 3918 3885 3920 3890 3926 3892 3927 3903 3939 3907 3942 3918 3952 3920 3953 3925 3959 3930 3962 3939 3970 3942 3974 3958 3991 3968 0

3556 3620 3
3556 3588 3589 0

3527 3618 11
3527 3561 3537 3569 3551 3584 3557 3589 3587 0

3630 3750 14
3630 3663 3637 3669 3647 3680 3649 3681 3719 0

3801 3875 7
3801 3833 3809 3840 3810 3842 3844 0

3921 4000 6
3921 3953 3938 3969 3942 3974 3958 3991 3968 0

3885 4000 16
3885 3921 3892 3927 3904 3938 3906 3941 3918 3952 3920 3953 3925 3959 3930 3962 3939 3970 3942 3974 3958 3991 3968 0

3941 4029 5
3941 3973 3958 3991 3997 0

3941 4033 7
3941 3973 3958 3991 4001 0

3820 4017 11
3820 3919 3827 3925 3830 3929 3831 3931 3870 3969 3873 3973 3918 4017 3919 0

-1 4001

4230 4284 5
4230 4250 4265 0

4140 4173 2
4140 4150 4164 0

-1 4501

-1 5001

5355 5375 1
5355 5356 5373 5375 5374 0

5187 5205 0
5187 5188 5205 0

5188 5205 0
5188 5189 5205 0

5355 5373 0
5355 5356 5373 0

-1 5501

5764 5782 0
5764 5765 5782 0

5841 5859 0
5841 5844 5857 0

5764 5781 0
5764 5765 5781 0

5766 5781 0
5766 5767 5781 0

-1 6001

-1 6501

6626 6696 13
6626 6632 6631 6639 6636 6642 6639 6644 6642 6646 6693 0

6640 6696 5
6640 6644 6693 0

6640 6686 4
6640 6644 6683 0

6657 6686 2
6657 6661 6683 0

-1 7001

7499 7631 20
7499 7529 7504 7536 7518 7551 7521 7553 7524 7554 7525 7556 7528 7560 7532 7563 7533 7565 7545 7579 7565 7598 7572 7604 7578 7609 7601 0

7501 7663 20
7501 7533 7518 7551 7521 7553 7525 7556 7528 7560 7532 7563 7533 7565 7545 7579 7565 7598 7572 7604 7578 7609 7601 7633 7632 0

7495 7711 17
7495 7559 7507 7572 7512 7578 7525 7590 7528 7594 7532 7597 7572 7636 7578 7641 7633 7695 7641 7704 7649 0

7501 8000 16
7501 7682 7502 7684 7503 7688 7504 7690 7505 7696 7512 7704 7633 7824 7695 7887 7793 7986 7801 7995 7807 0

7501 8000 14
7501 7685 7503 7688 7504 7690 7505 7696 7512 7704 7633 7824 7695 7887 7793 7986 7801 7995 7807 0

7495 8000 9
7495 7687 7501 7692 7512 7704 7633 7824 7695 7887 7793 7986 7801 7995 7807 0

-1 7501

7751 7903 19
7751 7769 7752 7771 7753 7773 7755 7776 7759 7781 7766 7789 7769 7793 7771 7796 7772 7803 7855 7887 7863 7896 7871 0

7751 7927 15
7751 7778 7753 7781 7754 7785 7756 7788 7760 7793 7764 7796 7770 7801 7855 7887 7863 7896 7895 0

7545 7927 35
7545 7579 7565 7598 7571 7603 7578 7609 7597 7629 7629 7660 7672 7704 7691 7724 7704 7736 7710 7743 7713 7745 7724 7755 7725 7757 7737 7771 7757 7790 7764 7796 7770 7801 7855 7887 7863 7896 7895 0

7571 7993 39
7571 7635 7578 7641 7629 7691 7641 7704 7660 7724 7692 7757 7697 7763 7724 7789 7757 7821 7764 7827 7770 7832 7824 7887 7832 7896 7851 7916 7890 7956 7928 0

7503 8000 6
7503 7694 7512 7704 7633 7824 7695 7887 7793 7986 7801 7995 7807 0

7625 7735 19
7625 7642 7626 7644 7627 7656 7630 7660 7633 7664 7672 7704 7691 7724 7703 0

7602 7735 17
7602 7623 7606 7628 7609 7634 7610 7636 7611 7643 7633 7664 7672 7704 7691 7724 7703 0

7545 7735 12
7545 7579 7565 7598 7571 7603 7578 7609 7601 7633 7633 7664 7672 7704 7691 7724 7703 0

7751 7875 11
7751 7785 7757 7790 7763 7795 7770 7801 7846 7875 7853 0

7751 7902 10
7751 7785 7757 7790 7763 7795 7770 7801 7851 7883 7859 7890 7864 7894 7871 7899 7876 0

7751 7927 9
7751 7785 7757 7790 7763 7795 7770 7801 7855 7887 7863 7896 7895 0

7751 8000 26
7751 7785 7757 7790 7763 7795 7770 7801 7851 7883 7863 7896 7897 7929 7902 7935 7905 7937 7916 7947 7917 7949 7929 7963 7956 7989 7968 0

7532 7625 9
7532 7563 7533 7565 7545 7579 7565 7598 7572 7604 7578 7609 7595 0

7545 7625 5
7545 7579 7565 7598 7572 7604 7578 7609 7595 0

7629 7711 9
7629 7660 7668 7698 7673 7702 7680 7707 7688 7711 7689 0

7629 7713 7
7629 7660 7672 7704 7680 7710 7688 0

7629 7735 5
7629 7660 7672 7704 7691 7724 7703 0

7751 7875 3
7751 7785 7757 7790 7763 7795 7770 7801 7845 0

7876 8000 18
7876 7909 7896 7928 7902 7935 7905 7937 7916 7947 7917 7949 7929 7963 7956 7989 7968 0

7627 7687 2
7627 7656 7630 7660 7633 7664 7657 0

8001 8151 16
8001 8024 8003 8028 8005 8031 8006 8036 8010 8041 8088 8120 8112 8145 8119 0

7975 8151 19
7975 8001 7975 8008 7986 8018 7995 8026 8088 8120 8112 8145 8119 0

7929 8151 20
7929 7963 7955 7988 7982 8014 7995 8026 8088 8120 8112 8145 8119 0

7876 8151 33
7876 7909 7896 7928 7902 7935 7905 7937 7916 7947 7917 7949 7922 7955 7928 7962 7955 7988 7986 8018 7995 8026 8088 8120 8112 8145 8119 0

7874 8216 39
7874 7939 7889 7955 7928 7995 7935 8001 7937 8004 7949 8015 7955 8020 7962 8026 7982 8045 7995 8057 8057 8120 8076 8140 8112 8177 8114 8180 8140 8205 8152 0

7757 8157 40
7757 7821 7763 7826 7770 7832 7820 7883 7832 7896 7851 7916 7889 7955 7928 7995 7935 8001 7937 8004 7949 8015 7956 8021 7962 8026 7986 8049 7995 8057 8057 8120 8076 8140 8094 0

7789 8224 37
7789 7883 7801 7896 7820 7916 7852 7949 7857 7955 7863 7962 7916 8014 7949 8046 7955 8051 7962 8057 7982 8076 7995 8088 8026 8120 8045 8140 8077 8173 8083 8180 8088 8186 8120 8217 8128 0

7717 8161 39
7717 7814 7724 7820 7757 7852 7763 7857 7770 7863 7789 7883 7801 7896 7820 7916 7852 7949 7857 7955 7863 7962 7916 8014 7949 8046 7956 8052 7962 8057 7986 8080 7995 8088 8026 8120 8045 8140 8067 0

7821 8319 39
7821 7949 7826 7955 7832 7962 7851 7982 7863 7995 7883 8014 7896 8026 7916 8045 7949 8077 7955 8082 7962 8088 7987 8112 8014 8140 8046 8173 8052 8180 8057 8186 8120 8248 8140 8267 8180 8306 8194 0

8001 8497 10
8001 8184 8002 8187 8005 8191 8006 8196 8010 8201 8112 8304 8306 0

7949 8497 12
7949 8141 7955 8146 7962 8152 7988 8179 8112 8304 8306 0

7503 8118 16
7503 7694 7512 7704 7629 7820 7691 7883 7789 7982 7801 7995 7887 8080 7896 8088 7921 8112 7928 0

7503 8224 40
7503 7694 7512 7704 7629 7820 7691 7883 7785 7980 7786 7984 7788 7988 7789 7993 7790 7996 7791 7998 7793 8007 7795 8010 7798 8014 7801 8019 7802 8021 7803 8028 7888 8112 7986 8209 7995 8217 8003 0

7757 8497 40
7757 7983 7763 7988 7888 8112 7982 8205 7988 8209 7995 8210 8007 8211 8011 8212 8014 8214 8019 8217 8021 8218 8028 8219 8112 8304 8306 0

7591 8497 15
7591 8001 7591 8008 7633 8049 7986 8401 7995 8409 8080 8495 8083 0

7545 8497 16
7545 7963 7571 7988 7629 8045 7982 8397 7995 8409 8080 8495 8083 0

-1 8001

8153 8270 18
8153 8187 8173 8206 8179 8211 8186 8217 8235 8263 8238 8264 8242 8266 8247 8267 8249 8268 8251 8269 8253 0

8153 8343 11
8153 8187 8173 8206 8179 8211 8186 8217 8271 8303 8279 8312 8311 0

8076 8434 40
8076 8140 8108 8173 8113 8179 8140 8205 8173 8237 8179 8242 8186 8248 8236 8299 8244 8306 8249 8310 8256 8318 8261 8325 8267 8332 8306 8372 8332 8397 8365 8429 8371 0

8070 8434 38
8070 8133 8076 8140 8108 8173 8113 8179 8140 8205 8173 8237 8179 8242 8186 8248 8240 8303 8248 8312 8267 8332 8306 8372 8332 8397 8365 8429 8371 0

8070 8493 40
8070 8133 8076 8140 8108 8173 8113 8179 8140 8205 8173 8237 8179 8242 8186 8248 8236 8299 8248 8312 8267 8332 8306 8372 8332 8397 8365 8429 8372 8435 8378 8440 8432 0

8008 8416 38
8008 8101 8026 8120 8045 8140 8077 8173 8082 8179 8088 8186 8120 8217 8140 8236 8173 8268 8180 8274 8186 8279 8209 8303 8217 8312 8236 8332 8268 8365 8274 8372 8279 8378 8303 8401 8312 8409 8320 0

8001 8431 29
8001 8126 8014 8140 8046 8173 8051 8179 8057 8186 8120 8248 8140 8267 8180 8306 8205 8332 8237 8365 8243 8372 8248 8378 8302 0

8008 8497 1
8008 8199 8112 8304 8306 0

8008 8143 20
8008 8039 8088 8120 8106 8135 8110 8136 8113 8138 8119 8139 8121 8140 8123 8141 8126 8143 8127 0

8008 8126 6
8008 8039 8084 8114 8089 8118 8096 8123 8100 0

8008 8250 26
8008 8039 8088 8120 8107 8140 8115 8147 8121 8151 8123 8152 8129 8159 8133 8164 8135 8167 8140 8171 8141 8173 8153 8187 8173 8206 8180 8212 8186 8217 8220 0

8008 8250 24
8008 8039 8088 8120 8107 8140 8120 8152 8126 8159 8129 8161 8140 8171 8141 8173 8153 8187 8173 8206 8180 8212 8186 8217 8220 0

8372 8497 20
8372 8384 8376 8389 8377 8393 8378 8402 8379 8404 8380 8411 8463 8495 8466 0

8360 8497 20
8360 8375 8363 8379 8367 8384 8369 8390 8371 8393 8374 8397 8377 8401 8379 8404 8380 8411 8463 8495 8466 0

8351 8497 15
8351 8374 8355 8379 8356 8390 8365 8398 8372 8404 8378 8409 8463 8495 8466 0

8279 8497 22
8279 8312 8312 8344 8318 8351 8321 8353 8332 8363 8333 8365 8338 8371 8344 8378 8365 8398 8371 8403 8378 8409 8463 8495 8466 0

8251 8497 24
8251 8282 8267 8299 8279 8312 8312 8344 8318 8351 8321 8353 8332 8363 8333 8365 8345 8379 8365 8398 8372 8404 8378 8409 8463 8495 8466 0

8008 8091 9
8008 8039 8058 8083 8060 8084 8063 8086 8069 0

8008 8125 2
8008 8039 8088 8120 8094 0

8153 8250 5
8153 8187 8173 8206 8179 8211 8186 8217 8220 0

8251 8343 9
8251 8282 8267 8299 8275 8306 8280 8310 8287 8318 8292 8325 8311 0

8251 8349 8
8251 8282 8267 8299 8279 8312 8312 8344 8318 0

8251 8343 6
8251 8282 8267 8299 8279 8312 8311 0

8415 8497 11
8415 8436 8419 8442 8421 8452 8463 8495 8466 0

8378 8462 8
8378 8409 8427 8455 8430 8456 8434 8458 8436 8459 8440 0

8378 8497 1
8378 8409 8463 8495 8466 0

8063 8124 4
8063 8094 8084 8114 8089 8118 8096 0

8345 8715 29
8345 8379 8365 8398 8371 8403 8378 8409 8459 8491 8465 8498 8491 8523 8498 8529 8558 8590 8566 8599 8600 8632 8605 8638 8608 8640 8632 8665 8655 8687 8664 8695 8685 0

8292 8684 39
8292 8325 8312 8344 8318 8351 8321 8353 8332 8363 8333 8365 8338 8371 8344 8378 8365 8398 8371 8403 8378 8409 8459 8491 8465 8498 8495 8527 8499 8530 8558 8590 8566 8599 8600 8632 8605 8638 8608 8640 8632 8665 8652 0

8267 8746 40
8267 8332 8305 8371 8332 8397 8365 8429 8371 8434 8378 8440 8428 8491 8434 8498 8491 8554 8498 8560 8527 8590 8535 8599 8554 8619 8619 8683 8655 8718 8664 8726 8685 0

8261 8717 39
8261 8325 8267 8332 8305 8371 8332 8397 8365 8429 8371 8434 8378 8440 8428 8491 8434 8498 8495 8558 8499 8561 8527 8590 8535 8599 8554 8619 8619 8683 8654 0

8236 8735 40
8236 8332 8268 8365 8273 8371 8279 8378 8299 8397 8312 8409 8332 8428 8365 8460 8371 8465 8378 8471 8397 8491 8403 8498 8499 8593 8504 8599 8523 8619 8558 8655 8566 8664 8590 8687 8599 8695 8619 8714 8641 0

8186 8756 40
8186 8312 8205 8332 8237 8365 8242 8371 8248 8378 8299 8428 8312 8440 8332 8459 8378 8504 8463 8590 8471 8599 8505 8632 8527 8655 8535 8664 8590 8718 8599 8726 8619 8745 8631 0

8173 8762 33
8173 8333 8179 8338 8186 8344 8206 8365 8211 8371 8217 8378 8299 8459 8312 8471 8345 8505 8365 8524 8372 8530 8378 8535 8432 8590 8440 8599 8459 8619 8590 8749 8604 0

8008 8640 21
8008 8199 8112 8304 8332 8523 8365 8555 8372 8561 8378 8566 8401 8590 8409 8599 8428 8619 8450 0

-1 8501

8632 8775 20
8632 8665 8651 8683 8659 8690 8722 8752 8727 8756 8734 8761 8737 8763 8741 8764 8743 8765 8754 0

8612 8780 20
8612 8644 8632 8665 8651 8683 8659 8690 8722 8752 8727 8756 8739 8766 8754 0

8554 8762 21
8554 8586 8566 8599 8599 8631 8605 8638 8608 8640 8632 8665 8651 8683 8659 8690 8726 8758 8731 0

8612 8784 17
8612 8644 8632 8665 8651 8683 8659 8690 8726 8758 8732 8763 8733 8765 8753 0

8501 8750 21
8501 8532 8554 8586 8566 8599 8599 8631 8605 8638 8608 8640 8632 8665 8655 8687 8664 8695 8720 0

8501 8625 6
8501 8532 8558 8590 8566 8599 8593 0

8626 8750 7
8626 8658 8632 8665 8651 8683 8659 8690 8720 0

-1 9001

-1 9501

-1 10001

10345 10478 22
10345 10362 10370 10388 10372 10389 10462 0

10345 10489 23
10345 10362 10369 10387 10372 10389 10473 0

10362 10498 7
10362 10430 10391 10458 10392 10460 10431 0

10376 10489 18
10376 10393 10473 0

10075 10117 3
10075 10088 10086 10098 10106 0

10376 10421 3
10376 10393 10405 0

10442 10489 3
10442 10459 10473 0

10366 10508 19
10366 10417 10429 10479 10430 10481 10458 0

10362 10513 10
10362 10430 10391 10458 10392 10460 10446 0

-1 10501

-1 11001

-1 11501

-1 12001

-1 12501

-1 13001

-1 13501

13588 13878 18
13588 13733 13607 13751 13608 13753 13733 13877 13735 0

-1 14001

-1 14501

-1 15001

-1 15501

15709 15731 1
15709 15712 15724 15728 15728 0

-1 16001

16199 16372 20
16199 16250 16200 16254 16201 16257 16202 16259 16203 16264 16229 16291 16232 16293 16292 16354 16294 16355 16312 0

16190 16385 19
16190 16250 16191 16252 16195 16257 16200 16261 16229 16291 16232 16293 16292 16354 16294 16355 16325 0

16203 16500 24
16203 16264 16229 16291 16232 16293 16292 16354 16294 16355 16440 0

16251 16500 19
16251 16312 16292 16354 16294 16355 16440 0

16251 16375 6
16251 16312 16292 16354 16294 16355 16315 0

16383 16500 12
16383 16437 16387 16442 16390 16447 16391 16449 16392 16451 16394 16455 16440 0

16380 16500 11
16380 16436 16382 16439 16383 16442 16384 16445 16440 0

16376 16500 7
16376 16437 16440 0

16232 16752 40
16232 16293 16292 16354 16294 16355 16631 16693 16634 16695 16692 0

16313 16871 40
16313 16374 16631 16693 16634 16695 16693 16753 16695 16756 16811 0

16230 16984 40
16230 16474 16448 16693 16450 16694 16693 16936 16695 16939 16741 0

-1 16501

16692 16877 23
16692 16736 16698 16743 16704 16748 16706 16753 16707 16757 16708 16760 16709 16763 16711 16772 16817 0

16501 16938 29
16501 16562 16632 16692 16633 16694 16693 16753 16695 16756 16878 0

16501 16996 38
16501 16562 16632 16692 16633 16694 16693 16753 16694 16755 16936 0

16501 16747 12
16501 16562 16631 16693 16634 16695 16687 0

16751 16876 14
16751 16812 16810 16869 16815 16870 16819 16872 16823 16874 16825 16875 16827 16876 16828 0

16751 16925 20
16751 16812 16863 16922 16865 16923 16871 16925 16876 0

16751 17000 21
16751 16812 16940 0

16501 16625 4
16501 16562 16565 0

16631 16747 7
16631 16687 16633 16692 16634 16695 16687 0

16627 16750 6
16627 16688 16632 16692 16633 16694 16691 0

16751 16872 4
16751 16812 16813 16872 16814 0

16751 16875 3
16751 16812 16815 0

16879 17000 10
16879 16940 16941 0

16895 17048 20
16895 16956 16985 17045 16990 17046 16993 17047 16997 17048 17001 0

16771 17163 37
16771 16832 17090 17152 17092 17153 17103 0

16829 17211 39
16829 16890 17090 17152 17092 17153 17151 0

16649 17150 39
16649 16771 16693 16814 16694 16816 17029 0

16896 17315 32
16896 17018 17029 17152 17031 17153 17152 17273 17153 17275 17194 0

16588 17167 37
16588 16771 16693 16875 16694 16877 16876 17058 16881 17064 16968 17152 16970 17153 16985 0

16881 17436 34
16881 17064 16968 17152 16970 17153 17013 17197 17015 17198 17152 17334 17153 17336 17254 0

-1 17001

17247 17436 20
17247 17292 17252 17302 17255 17309 17256 17317 17376 0

17203 17436 20
17203 17251 17206 17256 17210 17266 17211 17272 17376 0

17045 17497 33
17045 17106 17090 17152 17092 17153 17152 17212 17153 17214 17376 17438 17378 17439 17437 0

17001 17250 25
17001 17062 17090 17152 17092 17153 17152 17212 17153 17214 17190 0

17267 17419 20
17267 17328 17352 17409 17356 17410 17361 17411 17365 17413 17369 17414 17375 17418 17377 0

17251 17497 9
17251 17312 17376 17438 17378 17439 17437 0

17001 17125 8
17001 17062 17065 0

17126 17250 8
17126 17187 17152 17212 17153 17214 17190 0

17251 17375 3
17251 17312 17315 0

17384 17497 12
17384 17434 17393 17450 17394 17452 17395 17456 17437 0

17383 17497 11
17383 17435 17387 17440 17390 17444 17393 17450 17394 17452 17395 17456 17437 0

17379 17497 7
17379 17435 17382 17443 17437 0

17376 17497 3
17376 17436 17378 17439 17437 0

17153 17720 40
17153 17214 17376 17436 17378 17439 17436 17498 17439 17500 17517 17579 17519 17580 17579 17639 17580 17641 17602 17664 17604 17665 17660 0

17173 17769 40
17173 17234 17376 17436 17378 17439 17436 17498 17439 17500 17517 17579 17519 17580 17579 17639 17580 17641 17602 17664 17604 17665 17709 0

17106 17784 38
17106 17228 17152 17273 17153 17275 17437 17560 17439 17561 17456 17579 17458 17580 17579 17700 17580 17702 17663 0

17173 17878 40
17173 17295 17436 17559 17439 17561 17456 17579 17458 17580 17579 17700 17580 17702 17742 17865 17744 17866 17757 0

-1 17501

17501 17949 39
17501 17562 17517 17579 17519 17580 17579 17639 17580 17641 17600 17660 17604 17665 17864 17926 17866 17927 17889 0

17543 17996 36
17543 17604 17579 17639 17580 17641 17600 17660 17604 17665 17864 17926 17866 17927 17936 0

17501 17985 29
17501 17623 17579 17700 17580 17702 17742 17865 17744 17866 17864 0

17501 18000 32
17501 17623 17579 17700 17580 17702 17742 17863 17744 17866 17864 17987 17866 17988 17879 0

17626 17750 15
17626 17675 17626 17676 17627 17679 17628 17687 17633 17694 17690 0

17572 17728 20
17572 17622 17577 17628 17580 17632 17583 17636 17585 17642 17587 17647 17589 17650 17603 17663 17604 17665 17668 0

17501 17750 20
17501 17562 17517 17579 17519 17580 17579 17639 17580 17641 17602 17664 17604 17665 17690 0

17751 17996 18
17751 17812 17864 17926 17866 17927 17936 0

17501 17625 7
17501 17562 17517 17579 17519 17580 17565 0

17627 17750 5
17627 17686 17633 17694 17690 0

17629 17750 3
17629 17690 17690 0

17751 17869 7
17751 17812 17810 17867 17813 0

17751 17875 5
17751 17812 17815 0

17886 18000 12
17886 17938 17888 17941 17890 17947 17892 17951 17894 17955 17940 0

17880 17996 9
17880 17936 17882 17943 17936 0

17878 17996 7
17878 17936 17880 17939 17881 17942 17936 0

17880 18000 7
17880 17941 17941 0

17955 18105 20
17955 18001 17955 18002 17956 18005 17957 18009 17958 18017 17959 18020 18045 0

17893 18049 19
17893 17954 17990 18044 17992 18045 17998 18046 18001 18047 18004 0

17748 18209 40
17748 17809 17863 17925 17866 17927 18088 18148 18089 18150 18149 0

17809 18254 40
17809 17870 17863 17925 17866 17927 18088 18148 18089 18150 18194 0

17664 18216 40
17664 17786 17742 17863 17744 17866 17863 17986 17866 17988 18095 0

17815 18418 40
17815 17998 17862 18046 17866 18049 18236 0

-1 18001

18251 18406 20
18251 18297 18251 18299 18252 18304 18255 18308 18256 18313 18257 18318 18346 0

18001 18498 40
18001 18062 18088 18148 18089 18150 18438 0

18001 18250 20
18001 18062 18088 18148 18089 18150 18190 0

18327 18464 19
18327 18372 18331 18379 18333 18383 18334 18385 18335 18389 18337 18392 18339 18400 18404 0

18275 18420 20
18275 18336 18347 18407 18355 18409 18359 18411 18362 18413 18365 18415 18374 18419 18376 0

18251 18498 12
18251 18312 18438 0

18001 18113 12
18001 18062 18043 18103 18045 18104 18047 18105 18051 18107 18057 18108 18059 18109 18064 0

18001 18117 10
18001 18062 18051 18109 18055 18110 18060 18114 18064 0

18001 18125 6
18001 18062 18065 0

18126 18245 12
18126 18187 18182 18242 18186 18243 18188 18245 18189 0

18128 18250 8
18128 18187 18131 18192 18190 0

18126 18250 8
18126 18187 18191 0

18251 18375 4
18251 18312 18315 0

18378 18492 12
18378 18439 18420 18479 18422 18480 18424 18481 18427 18483 18435 18487 18441 0

18378 18499 5
18378 18439 18437 18497 18440 0

18195 18693 40
18195 18256 18594 18654 18595 18656 18633 0

18246 18779 40
18246 18307 18594 18654 18595 18656 18634 18694 18635 18696 18694 18756 18696 18757 18719 0

-1 18501

18501 18919 38
18501 18562 18594 18654 18595 18656 18634 18694 18635 18696 18694 18756 18696 18757 18732 18794 18735 18796 18737 18799 18739 18800 18859 0

18555 19000 37
18555 18616 18594 18654 18595 18656 18634 18694 18635 18696 18694 18756 18696 18757 18732 18794 18735 18796 18737 18799 18739 18800 18940 0

18501 18750 18
18501 18562 18594 18654 18595 18656 18634 18694 18635 18696 18690 0

18825 19000 19
18825 18875 18827 18879 18828 18882 18829 18888 18830 18891 18940 0

18751 19000 17
18751 18812 18940 0

18501 18625 7
18501 18562 18565 0

18626 18750 5
18626 18687 18634 18694 18635 18696 18690 0

18751 18869 12
18751 18812 18805 18865 18813 18869 18814 0

18751 18875 8
18751 18812 18815 0

18876 19000 4
18876 18937 18940 0

18907 19046 20
18907 18968 18969 19028 18971 19029 18973 19030 18975 19031 18984 19035 18988 19036 18992 19037 19002 0

18739 19165 38
18739 18800 19044 19106 19050 19111 19105 0

18800 19245 39
18800 18861 19044 19106 19050 19111 19106 19166 19110 19171 19124 19186 19129 19190 19185 0

18624 19211 37
18624 18807 18694 18878 18696 18879 18799 18981 18800 18983 18922 19106 18928 19111 19029 0

18807 19388 38
18807 18990 18922 19106 18924 19107 19106 19288 19111 19294 19186 19368 19190 19373 19206 0

-1 19001

19250 19411 20
19250 19298 19251 19302 19252 19305 19253 19307 19254 19315 19351 0

19049 19461 32
19049 19110 19106 19166 19107 19168 19124 19186 19127 19188 19186 19246 19188 19249 19232 19292 19233 19294 19351 19413 19355 19416 19389 19451 19391 19452 19401 0

19049 19498 38
19049 19110 19106 19166 19107 19168 19124 19186 19127 19188 19186 19246 19188 19249 19230 19290 19233 19294 19351 19413 19355 19416 19389 19451 19391 19452 19413 19473 19416 19477 19438 0

19005 19249 20
19005 19066 19044 19106 19046 19107 19106 19166 19110 19171 19124 19186 19129 19190 19186 19246 19190 0

19251 19425 20
19251 19312 19350 19412 19354 19415 19364 19423 19366 19424 19372 19425 19376 0

19251 19498 18
19251 19312 19351 19413 19355 19416 19389 19451 19391 19452 19413 19473 19416 19477 19438 0

19005 19125 10
19005 19066 19044 19106 19046 19107 19066 0

19127 19249 4
19127 19188 19186 19246 19190 0

19251 19375 4
19251 19312 19315 0

19376 19498 8
19376 19437 19388 19450 19391 19452 19412 19472 19415 19476 19438 0

19235 19678 39
19235 19296 19350 19412 19354 19415 19388 19450 19391 19452 19412 19472 19415 19476 19469 19531 19471 19532 19531 19591 19532 19593 19618 0

19354 19769 39
19354 19415 19388 19450 19391 19452 19412 19472 19415 19476 19469 19531 19471 19532 19531 19591 19532 19593 19709 0

19304 19800 40
19304 19426 19388 19511 19391 19513 19409 19530 19415 19537 19531 19652 19532 19654 19633 19756 19635 19757 19679 0

19111 19694 37
19111 19294 19186 19368 19188 19371 19206 19388 19208 19391 19347 19531 19349 19532 19389 19573 19391 19574 19413 19595 19416 19599 19512 0

19317 19877 40
19317 19500 19347 19531 19349 19532 19388 19572 19391 19574 19412 19594 19415 19598 19531 19713 19532 19715 19572 19756 19574 19757 19654 19838 19660 19843 19695 0

-1 19501

19501 19913 37
19501 19562 19531 19591 19532 19593 19755 19817 19757 19818 19776 19838 19784 19845 19838 19898 19843 19904 19853 0

19532 19948 39
19532 19593 19755 19817 19757 19818 19776 19838 19784 19845 19838 19898 19843 19904 19888 0

19578 19739 20
19578 19625 19579 19627 19581 19631 19583 19634 19584 19637 19585 19642 19586 19644 19587 19648 19679 0

19577 19750 20
19577 19626 19577 19627 19579 19631 19581 19634 19582 19637 19584 19641 19586 19644 19587 19648 19690 0

19501 19750 18
19501 19562 19531 19591 19532 19593 19690 0

19784 19927 18
19784 19845 19837 19897 19839 19900 19862 19922 19868 19923 19871 19925 19874 19926 19876 19927 19877 0

19757 19989 22
19757 19818 19775 19837 19778 19839 19838 19898 19843 19904 19888 19950 19891 19952 19929 0

19501 19625 8
19501 19562 19531 19591 19532 19593 19565 0

19635 19750 12
19635 19687 19637 19691 19639 19699 19640 19701 19690 0

19626 19742 11
19626 19687 19685 19740 19688 19742 19689 0

19626 19750 5
19626 19687 19690 0

19754 19875 9
19754 19813 19757 19818 19776 19838 19784 19845 19815 0

19876 20000 9
19876 19937 19888 19950 19891 19952 19940 0

20001 20174 20
20001 20051 20002 20054 20003 20057 20005 20062 20009 20068 20012 20072 20013 20074 20114 0

19784 20174 37
19784 19845 19837 19897 19839 19900 19888 19950 19891 19952 20114 0

19842 20290 40
19842 19903 19888 19950 19891 19952 20230 0

-1 20001

20123 20297 20
20123 20184 20239 20296 20245 20297 20251 0

20001 20439 36
20001 20062 20281 20341 20282 20343 20341 20403 20343 20404 20379 0

20017 20487 40
20017 20078 20281 20341 20282 20343 20341 20403 20343 20404 20379 20441 20382 20443 20384 20446 20386 20447 20427 0

20001 20250 18
20001 20062 20190 0

20251 20500 21
20251 20312 20281 20341 20282 20343 20341 20403 20343 20404 20379 20441 20382 20443 20384 20446 20386 20447 20440 0

20003 20125 9
20003 20060 20009 20068 20012 20072 20013 20074 20065 0

20001 20125 7
20001 20062 20065 0

20126 20250 6
20126 20183 20131 20192 20190 0

20128 20250 2
20128 20189 20190 0

20251 20373 6
20251 20312 20281 20341 20282 20343 20313 0

20380 20500 10
20380 20436 20382 20439 20385 20444 20386 20446 20387 20448 20440 0

20379 20500 8
20379 20441 20382 20443 20384 20446 20386 20447 20441 0

20501 20674 20
20501 20549 20502 20554 20503 20556 20504 20561 20506 20564 20507 20566 20509 20570 20614 0

20263 20686 40
20263 20324 20281 20341 20282 20343 20341 20403 20343 20404 20379 20441 20382 20443 20384 20446 20386 20447 20503 20563 20504 20565 20626 0

20343 20751 36
20343 20404 20379 20441 20382 20443 20384 20446 20386 20447 20503 20563 20504 20565 20691 0

20375 20914 33
20375 20558 20446 20628 20447 20630 20503 20687 20505 20688 20569 20753 20571 20754 20732 0

-1 20501

20507 20925 37
20507 20568 20689 20748 20694 20754 20697 20758 20753 20813 20754 20815 20771 20833 20776 20837 20833 20893 20837 20898 20865 0

20507 20925 35
20507 20568 20691 20753 20693 20754 20753 20813 20754 20815 20771 20833 20776 20837 20833 20893 20837 20898 20865 0

20507 21000 40
20507 20568 20691 20753 20693 20754 20753 20813 20754 20815 20771 20833 20776 20837 20833 20893 20837 20898 20940 0

20507 20747 14
20507 20568 20687 0

20828 20974 20
20828 20873 20832 20878 20833 20880 20835 20884 20836 20887 20838 20891 20839 20893 20840 20901 20914 0

20827 20989 20
20827 20876 20827 20878 20828 20880 20829 20884 20830 20888 20832 20891 20833 20893 20837 20898 20929 0

20757 21000 17
20757 20818 20771 20833 20774 20835 20833 20893 20837 20898 20940 0

20503 20625 6
20503 20563 20504 20565 20565 0

20627 20750 5
20627 20688 20690 0

20753 20875 8
20753 20813 20754 20815 20771 20833 20776 20837 20815 0

20879 20993 11
20879 20940 20930 20989 20936 20990 20938 20991 20940 20992 20942 0

20879 21000 3
20879 20940 20940 0

21000 21168 20
21000 21045 21001 21048 21002 21054 21003 21058 21004 21063 21005 21066 21108 0

20733 21258 40
20733 20794 20753 20813 20754 20815 20771 20833 20774 20835 20833 20893 20835 20896 20975 21037 20977 21038 21198 0

20776 21280 36
20776 20837 20833 20893 20835 20896 20974 21036 20977 21038 21220 0

20580 21233 40
20580 20763 20753 20935 20754 20937 20792 20976 20794 20977 20833 21015 20837 21020 20975 21159 20977 21160 21051 0

-1 21001

21004 21378 29
21004 21065 21220 21282 21222 21283 21306 21366 21319 0

21049 21475 40
21049 21110 21220 21282 21222 21283 21306 21366 21323 21381 21327 21386 21366 21426 21381 21442 21415 0

21004 21172 18
21004 21065 21106 21165 21109 21166 21111 21167 21118 21170 21121 21172 21126 0

21004 21250 13
21004 21065 21190 0

21251 21500 30
21251 21312 21304 21364 21316 21374 21318 21375 21320 21376 21323 21381 21327 21386 21366 21426 21381 21442 21440 0

21251 21500 25
21251 21312 21304 21364 21323 21381 21327 21386 21366 21426 21381 21442 21440 0

21010 21125 12
21010 21062 21011 21067 21012 21069 21013 21071 21014 21075 21065 0

21003 21125 6
21003 21062 21005 21066 21065 0

21004 21125 4
21004 21065 21065 0

21126 21250 6
21126 21187 21190 0

21258 21375 12
21258 21312 21259 21314 21260 21316 21262 21323 21306 21366 21316 0

21251 21375 6
21251 21312 21304 21364 21316 0

21376 21500 9
21376 21436 21381 21442 21440 0

21326 21683 34
21326 21385 21364 21424 21379 21440 21623 0

21345 21744 38
21345 21404 21364 21424 21379 21440 21625 21687 21630 21691 21684 0

21243 21683 38
21243 21364 21259 21379 21366 21487 21381 21503 21562 0

-1 21501

21529 21889 40
21529 21590 21623 21685 21629 21690 21685 21745 21691 21746 21693 21747 21698 21751 21699 21753 21700 21756 21702 21763 21731 21791 21732 21793 21829 0

21503 21942 40
21503 21564 21623 21685 21629 21690 21685 21745 21689 21750 21700 21762 21702 21763 21730 21792 21732 21793 21882 0

21590 22000 38
21590 21651 21623 21685 21629 21690 21685 21745 21689 21750 21701 21761 21702 21763 21728 21790 21732 21793 21883 21943 21889 21948 21891 21951 21941 0

21503 21744 16
21503 21564 21625 21687 21630 21691 21684 0

21751 22000 20
21751 21812 21883 21943 21889 21948 21891 21951 21941 0

21503 21625 5
21503 21564 21565 0

21629 21744 9
21629 21684 21634 21691 21635 21696 21684 0

21629 21750 6
21629 21690 21685 21745 21691 0

21759 21874 11
21759 21812 21760 21814 21761 21818 21763 21824 21814 0

21751 21868 9
21751 21812 21807 21867 21813 21868 21814 0

21751 21874 4
21751 21812 21814 0

21883 22000 10
21883 21938 21883 21939 21884 21941 21887 21945 21888 21947 21891 21951 21941 0

21876 22000 9
21876 21937 21883 21943 21888 21947 21891 21951 21942 0

21750 22172 40
21750 21811 21883 21943 21888 21947 21891 21951 21943 22004 22012 22074 22014 22075 22112 0

21830 22264 40
21830 21891 21883 21943 21888 21947 21891 21951 21943 22004 22012 22074 22014 22075 22204 0

21829 22346 37
21829 21950 21890 22010 21891 22012 21942 22064 21947 22070 21950 22072 22225 0

-1 22001

22014 22487 33
22014 22075 22427 0

22014 22500 36
22014 22075 22440 0

22079 22226 20
22079 22125 22080 22128 22083 22133 22087 22144 22088 22149 22166 0

22074 22250 19
22074 22124 22077 22129 22079 22132 22080 22135 22082 22138 22087 22144 22088 22149 22190 0

22014 22250 15
22014 22075 22190 0

22257 22423 20
22257 22318 22355 22415 22361 22416 22366 22420 22368 22421 22371 22422 22376 22423 22377 0

22257 22500 16
22257 22318 22440 0

22003 22125 8
22003 22064 22012 22074 22014 22075 22065 0

22126 22250 5
22126 22187 22190 0

22255 22375 4
22255 22316 22316 0

22378 22500 8
22378 22437 22379 22439 22380 22441 22440 0

22380 22500 7
22380 22441 22441 0

22446 22609 21
22446 22494 22453 22503 22454 22515 22549 0

22327 22750 40
22327 22388 22497 22557 22501 22558 22507 22566 22510 22570 22511 22572 22690 0

22194 22696 40
22194 22255 22636 0

22287 22788 40
22287 22348 22728 0

22113 22670 38
22113 22235 22549 0

22050 22685 40
22050 22233 22503 0

-1 22501

22504 22940 35
22504 22565 22779 22839 22780 22841 22816 22876 22818 22879 22839 22901 22841 22902 22876 22938 22879 0

22523 22999 40
22523 22584 22779 22839 22780 22841 22816 22876 22818 22879 22839 22901 22841 22902 22876 22938 22880 22941 22882 22944 22886 22947 22939 0

22625 22750 16
22625 22672 22627 22677 22628 22681 22632 22690 22635 22694 22636 22696 22637 22698 22690 0

22504 22750 17
22504 22565 22690 0

22751 22999 20
22751 22812 22779 22839 22780 22841 22816 22876 22818 22879 22839 22901 22841 22902 22876 22938 22880 22941 22882 22944 22886 22947 22939 0

22501 22625 9
22501 22558 22507 22566 22510 22570 22511 22572 22565 0

22504 22625 6
22504 22565 22565 0

22630 22750 6
22630 22687 22632 22690 22635 22694 22636 22696 22637 22698 22690 0

22626 22750 3
22626 22687 22690 0

22751 22875 6
22751 22812 22779 22839 22780 22841 22815 0

22880 22999 9
22880 22937 22883 22942 22884 22944 22886 22947 22939 0

22876 23000 8
22876 22938 22880 22941 22882 22944 22884 22945 22940 0

23001 23155 20
23001 23049 23003 23052 23005 23064 23007 23068 23095 0

22761 23172 38
22761 22822 22779 22839 22780 22841 22816 22876 22817 22878 22839 22901 22841 22902 22876 22938 22880 22941 22882 22944 22884 22945 23112 0

22841 23245 40
22841 22902 22876 22938 22880 22941 22882 22944 22884 22945 23123 23185 23125 23186 23185 0

22830 23301 40
22830 22952 22839 22962 22841 22963 22876 22999 22878 23000 22944 23065 22945 23067 22973 23096 22975 23097 23128 23251 23130 23252 23180 0

-1 23001

23089 23500 36
23089 23150 23123 23185 23125 23186 23188 23250 23191 23252 23251 23311 23252 23313 23269 23331 23274 23335 23331 23391 23335 23396 23440 0

23035 23487 40
23035 23096 23123 23185 23125 23186 23251 23311 23252 23313 23269 23331 23274 23335 23331 23391 23335 23396 23427 0

23005 23245 19
23005 23066 23123 23185 23125 23186 23185 0

23329 23500 20
23329 23376 23329 23381 23330 23386 23332 23391 23333 23393 23335 23396 23440 0

23255 23500 14
23255 23316 23269 23331 23272 23333 23331 23391 23335 23396 23440 0

23004 23122 7
23004 23062 23005 23064 23007 23068 23062 0

23005 23125 6
23005 23066 23066 0

23128 23242 11
23128 23189 23175 23234 23182 23238 23187 23241 23189 0

23128 23246 8
23128 23189 23188 23246 23189 0

23128 23249 7
23128 23189 23189 0

23254 23375 8
23254 23312 23255 23316 23269 23331 23274 23335 23315 0

23255 23375 6
23255 23316 23269 23331 23272 23333 23316 0

23376 23500 3
23376 23437 23440 0

23194 23728 38
23194 23255 23251 23311 23252 23313 23269 23331 23272 23333 23331 23391 23333 23394 23473 23535 23475 23536 23668 0

23261 23778 39
23261 23322 23269 23331 23272 23333 23331 23391 23333 23394 23472 23534 23475 23536 23718 0

23096 23761 40
23096 23279 23251 23433 23252 23435 23290 23474 23292 23475 23331 23513 23335 23518 23473 23657 23475 23658 23579 0

-1 23501

23751 23917 20
23751 23803 23751 23805 23752 23813 23804 23864 23821 23880 23825 23885 23858 0

23502 23917 35
23502 23563 23718 23780 23720 23781 23804 23864 23821 23880 23825 23885 23858 0

23560 23979 38
23560 23621 23718 23780 23720 23781 23804 23864 23821 23880 23825 23885 23864 23925 23919 0

23510 23672 20
23510 23571 23604 23663 23607 23664 23609 23665 23616 23668 23621 23669 23625 23670 23628 0

23502 23675 17
23502 23563 23615 23674 23626 0

23502 23750 15
23502 23563 23690 0

23751 24000 21
23751 23812 23802 23862 23821 23880 23825 23885 23864 23925 23940 0

23502 23625 4
23502 23563 23565 0

23626 23748 9
23626 23687 23688 23747 23690 0

23626 23750 8
23626 23687 23690 0

23757 23875 10
23757 23812 23758 23814 23760 23821 23804 23864 23816 0

23751 23875 5
23751 23812 23802 23862 23816 0

23881 24000 11
23881 23936 23884 23945 23940 0

23878 24000 8
23878 23937 23879 23939 23880 23941 23940 0

23879 24000 7
23879 23940 23941 0

23760 24156 39
23760 23821 23802 23862 23821 23880 23823 23883 23862 23923 24096 0

23824 24246 40
23824 23884 23862 23923 24096 24158 24098 24159 24186 0

23621 24176 40
23621 23804 23638 23820 23639 23822 23682 23864 23820 24001 23822 24004 23865 24048 23994 0

23827 24387 37
23827 24009 23864 24047 24205 0

-1 24001

24004 24442 39
24004 24065 24096 24158 24098 24159 24382 0

24027 24500 40
24027 24088 24096 24158 24098 24159 24440 0

24004 24250 19
24004 24065 24096 24158 24098 24159 24190 0

24254 24500 19
24254 24315 24440 0

24007 24125 11
24007 24062 24008 24066 24009 24070 24065 0

24004 24125 6
24004 24065 24065 0

24130 24250 6
24130 24191 24191 0

24254 24375 7
24254 24315 24315 24375 24316 0

24376 24500 5
24376 24437 24440 0

24409 24553 19
24409 24470 24485 24542 24487 24543 24494 24544 24499 24545 24501 24546 24509 0

24226 24777 40
24226 24287 24496 24558 24499 24560 24558 24618 24560 24621 24717 0

24287 24838 40
24287 24348 24497 24557 24498 24559 24558 24618 24560 24621 24778 0

24236 24875 38
24236 24358 24436 24557 24437 24559 24558 24679 24560 24682 24754 0

-1 24501

24575 24750 20
24575 24636 24688 24748 24698 24749 24704 24750 24705 0

24636 24796 20
24636 24697 24737 24793 24739 24794 24743 24795 24750 24796 24751 0

24501 24938 31
24501 24562 24558 24618 24559 24620 24878 0

24501 24983 37
24501 24562 24558 24618 24559 24620 24923 0

24581 24742 20
24581 24626 24581 24629 24583 24633 24585 24639 24587 24644 24588 24649 24682 0

24501 24750 12
24501 24562 24558 24618 24559 24620 24690 0

24755 25000 20
24755 24816 24940 0

24501 24616 10
24501 24562 24553 24612 24557 24613 24559 24614 24561 24615 24563 24616 24564 0

24501 24622 6
24501 24562 24558 24618 24561 24620 24564 0

24501 24625 5
24501 24562 24558 24618 24559 24620 24565 0

24626 24750 4
24626 24687 24690 0

24755 24875 7
24755 24816 24813 24873 24816 0

24880 25000 7
24880 24941 24941 0

24755 25166 40
24755 24816 24955 25017 24957 25018 25017 25077 25018 25079 25106 0

24822 25316 40
24822 24883 24955 25017 24957 25018 25017 25077 25018 25079 25241 25303 25243 25304 25256 0

24853 25442 37
24853 24975 24894 25017 24896 25018 25017 25138 25018 25140 25302 25425 25304 25426 25321 0

24598 25215 40
24598 24781 24741 24923 24744 24927 24833 25017 24835 25018 24878 25062 24880 25063 25017 25199 25018 25201 25033 0

24788 25467 40
24788 24971 24833 25017 24835 25018 24878 25062 24880 25063 25017 25199 25018 25201 25119 25303 25121 25304 25260 25444 25262 25445 25285 0

-1 25001

25006 25500 33
25006 25067 25017 25077 25018 25079 25241 25303 25243 25304 25302 25364 25304 25365 25382 25444 25384 25445 25440 0

25071 25250 18
25071 25121 25076 25137 25190 0

25006 25250 15
25006 25067 25017 25077 25018 25079 25190 0

25257 25422 20
25257 25318 25301 25363 25304 25365 25359 25419 25369 25420 25373 25421 25376 0

25251 25500 15
25251 25312 25301 25363 25304 25365 25382 25444 25384 25445 25440 0

25002 25125 9
25002 25063 25017 25077 25018 25079 25066 0

25126 25250 3
25126 25187 25190 0

25251 25374 4
25251 25312 25301 25363 25304 25365 25314 0

25380 25500 10
25380 25437 25383 25442 25384 25444 25385 25446 25440 0

25376 25500 8
25376 25437 25382 25444 25384 25445 25441 0

25132 25732 40
25132 25193 25241 25301 25243 25304 25301 25363 25304 25365 25382 25444 25384 25445 25444 25504 25445 25506 25467 25529 25469 25530 25672 0

25304 25801 39
25304 25365 25382 25444 25384 25445 25444 25504 25445 25506 25465 25525 25469 25530 25729 25791 25731 25792 25741 0

25067 25790 39
25067 25189 25301 25424 25304 25426 25321 25444 25323 25445 25444 25565 25445 25567 25607 25730 25609 25731 25669 0

25221 25861 39
25221 25343 25301 25424 25304 25426 25321 25444 25323 25445 25444 25565 25445 25567 25607 25730 25609 25731 25729 25852 25731 25853 25740 0

-1 25501

25750 25908 18
25750 25798 25751 25802 25752 25804 25753 25806 25756 25810 25757 25812 25758 25817 25759 25820 25848 0

25501 25969 33
25501 25562 25729 25791 25731 25792 25849 25909 25850 25911 25909 0

25529 25997 38
25529 25590 25728 25790 25731 25792 25849 25909 25850 25911 25909 25971 25911 25972 25913 25973 25916 25977 25937 0

25501 25671 20
25501 25562 25611 25665 25614 25666 25617 25668 25619 25669 25623 25671 25626 0

25501 25748 14
25501 25562 25688 0

25758 25926 17
25758 25819 25849 25909 25850 25911 25860 25919 25864 25920 25872 25924 25875 25926 25876 0

25758 25997 17
25758 25819 25849 25909 25850 25911 25909 25971 25911 25972 25913 25973 25916 25977 25937 0

25501 25625 3
25501 25562 25565 0

25628 25742 10
25628 25689 25675 25732 25682 25738 25687 25741 25689 0

25628 25750 6
25628 25689 25690 0

25754 25875 7
25754 25812 25755 25816 25815 0

25755 25875 5
25755 25816 25816 0

25876 26000 9
25876 25937 25908 25968 25910 25969 25912 25972 25914 25975 25940 0

25745 26174 40
25745 25806 25849 25909 25850 25911 25908 25968 25910 25969 25912 25972 25914 25975 25973 26035 25975 26036 26053 26115 26055 26116 26114 0

25850 26224 39
25850 25911 25908 25968 25910 25969 25912 25972 25914 25975 25972 26034 25975 26036 26053 26115 26055 26116 26115 26175 26116 26177 26164 0

25853 26338 39
25853 25975 25909 26032 25911 26033 25972 26095 25975 26097 25992 26115 25994 26116 26115 26236 26116 26238 26217 0

25636 26203 39
25636 25819 25724 25908 25725 25910 25728 25912 25731 25914 25790 25972 25792 25975 25909 26093 25911 26094 25931 26115 25933 26116 25973 26157 25975 26158 26021 0

25806 26386 39
25806 25989 25909 26093 25911 26094 25931 26115 25933 26116 25972 26156 25975 26158 26115 26297 26116 26299 26156 26340 26158 26341 26204 0

25501 26225 38
25501 25745 25666 25909 25667 25911 25870 26115 25872 26116 25909 26154 25911 26155 25973 26218 25975 26219 25982 0

-1 26001

26023 26420 36
26023 26084 26053 26115 26055 26116 26115 26175 26116 26177 26339 26401 26341 26402 26360 0

26079 26481 36
26079 26140 26115 26175 26116 26177 26339 26401 26341 26402 26360 26422 26368 26429 26421 0

26001 26250 22
26001 26062 26053 26115 26055 26116 26115 26175 26116 26177 26190 0

26251 26497 21
26251 26312 26339 26401 26341 26402 26360 26422 26368 26429 26422 26482 26427 26488 26437 0

26001 26125 7
26001 26062 26053 26115 26055 26116 26065 0

26126 26250 7
26126 26187 26190 0

26251 26368 11
26251 26312 26312 26366 26315 0

26251 26374 5
26251 26312 26314 0

26376 26500 7
26376 26437 26421 26481 26423 26484 26440 0

26279 26634 39
26279 26340 26338 26400 26341 26402 26359 26421 26362 26423 26421 26481 26423 26484 26472 26534 26475 26536 26574 0

26368 26705 36
26368 26429 26421 26481 26423 26484 26472 26534 26475 26536 26645 0

26219 26638 39
26219 26341 26298 26421 26301 26423 26338 26461 26341 26463 26422 26543 26427 26549 26517 0

26380 26791 37
26380 26502 26421 26542 26423 26545 26670 0

-1 26501

26751 26913 20
26751 26798 26751 26801 26753 26805 26754 26808 26756 26813 26757 26818 26853 0

26518 26980 40
26518 26579 26865 26925 26866 26927 26920 0

26578 27000 35
26578 26639 26865 26925 26866 26927 26925 26987 26927 26988 26940 0

26518 26750 20
26518 26579 26690 0

26751 27000 16
26751 26812 26865 26925 26866 26927 26925 26987 26927 26988 26940 0

26502 26625 10
26502 26563 26566 0

26632 26750 12
26632 26687 26634 26691 26635 26693 26636 26695 26639 26700 26690 0

26626 26750 7
26626 26687 26690 0

26751 26874 2
26751 26812 26814 0

26876 27000 5
26876 26937 26925 26987 26927 26988 26940 0

26707 27146 37
26707 26768 26865 26925 26866 26927 26925 26987 26927 26988 26963 27025 26966 27027 26968 27030 26970 27031 27086 0

26821 27258 39
26821 26882 26865 26925 26866 26927 26925 26987 26927 26988 26963 27025 26966 27027 26968 27030 26970 27031 27087 27147 27088 27149 27198 0

-1 27001

27002 27419 37
27002 27063 27087 27147 27088 27149 27275 27337 27277 27338 27337 27397 27338 27399 27355 27417 27358 0

27031 27476 38
27031 27092 27087 27147 27088 27149 27275 27337 27277 27338 27337 27397 27338 27399 27355 27417 27360 27421 27416 0

27002 27250 18
27002 27063 27087 27147 27088 27149 27190 0

27251 27498 21
27251 27312 27275 27337 27277 27338 27337 27397 27338 27399 27355 27417 27360 27421 27417 27477 27421 27482 27438 0

27002 27125 8
27002 27063 27065 0

27126 27250 4
27126 27187 27190 0

27251 27375 7
27251 27312 27275 27337 27277 27338 27315 0

27378 27500 6
27378 27439 27417 27477 27419 27480 27440 0

27280 27781 36
27280 27341 27337 27397 27338 27399 27355 27417 27358 27419 27417 27477 27419 27480 27559 27621 27561 27622 27721 0

27280 27814 39
27280 27341 27337 27397 27338 27399 27355 27417 27358 27419 27417 27477 27419 27480 27559 27621 27561 27622 27754 0

27091 27741 37
27091 27274 27153 27337 27155 27338 27337 27519 27338 27521 27376 27560 27378 27561 27417 27599 27421 27604 27559 0

-1 27501

27596 27802 21
27596 27657 27734 27793 27738 27795 27744 27796 27747 27797 27751 27799 27755 0

27504 27926 32
27504 27565 27558 27620 27561 27622 27804 27866 27806 27867 27866 0

27504 27962 37
27504 27565 27558 27620 27561 27622 27804 27866 27806 27867 27890 27950 27903 0

27580 27750 20
27580 27626 27580 27628 27582 27631 27583 27634 27584 27636 27587 27642 27588 27647 27589 27650 27690 0

27504 27750 12
27504 27565 27558 27620 27561 27622 27690 0

27826 27962 18
27826 27875 27827 27878 27828 27880 27833 27887 27834 27895 27890 27950 27903 0

27825 27962 17
27825 27876 27825 27877 27833 27887 27834 27895 27890 27950 27903 0

27762 28000 23
27762 27823 27804 27866 27806 27867 27890 27950 27907 27965 27911 27970 27942 0

27504 27623 6
27504 27565 27560 27620 27562 27621 27565 0

27504 27625 5
27504 27565 27558 27620 27561 27622 27565 0

27626 27750 4
27626 27687 27691 0

27756 27875 11
27756 27812 27760 27818 27761 27821 27762 27823 27804 27866 27806 27867 27815 0

27751 27875 10
27751 27810 27755 27815 27756 27817 27804 27866 27806 27867 27815 0

27876 28000 10
27876 27937 27888 27948 27904 27963 27907 27965 27909 27968 27942 0

27808 28153 37
27808 27869 27888 27948 27904 27963 27907 27965 27909 27968 27950 28010 27965 28026 28093 0

27846 28228 39
27846 27907 27888 27948 27904 27963 27907 27965 27909 27968 27948 28008 27963 28024 28168 0

27727 28168 40
27727 27849 27807 27928 27808 27930 27827 27948 27843 27963 27951 28072 27965 28087 28047 0

27849 28290 38
27849 27969 27950 28071 27965 28087 28060 28181 28061 28183 28148 28271 28153 28275 28169 0

27625 28079 28
27625 27808 27766 27948 27782 27963 27899 0

-1 28001

28020 28435 40
28020 28081 28209 28271 28214 28275 28271 28331 28275 28336 28284 28346 28286 28347 28314 28376 28316 28377 28375 0

28061 28483 40
28061 28122 28207 28269 28213 28274 28271 28331 28275 28336 28284 28346 28286 28347 28314 28376 28316 28377 28423 0

28076 28228 20
28076 28126 28076 28127 28077 28129 28079 28133 28082 28137 28083 28141 28084 28145 28168 0

28010 28250 21
28010 28071 28190 0

28328 28473 20
28328 28375 28329 28377 28331 28383 28332 28387 28333 28389 28335 28395 28336 28397 28413 0

28327 28483 20
28327 28376 28331 28383 28332 28387 28333 28389 28335 28395 28336 28397 28423 0

28255 28500 21
28255 28316 28269 28329 28273 28334 28285 28345 28286 28347 28312 28374 28316 28377 28440 0

28006 28125 12
28006 28062 28008 28068 28011 28072 28065 0

28004 28125 11
28004 28062 28005 28064 28008 28068 28011 28072 28065 0

28005 28125 9
28005 28066 28066 0

28126 28250 6
28126 28187 28190 0

28255 28375 8
28255 28316 28269 28329 28273 28334 28285 28345 28286 28347 28315 28375 28316 0

28376 28500 6
28376 28437 28440 0

28501 28654 20
28501 28550 28503 28553 28504 28555 28506 28559 28509 28565 28510 28567 28511 28571 28527 28588 28594 0

28321 28756 40
28321 28382 28467 28527 28472 28531 28475 28535 28527 28588 28596 28658 28598 28659 28696 0

28274 28654 35
28274 28335 28285 28345 28286 28347 28312 28374 28316 28377 28467 28527 28473 28532 28475 28535 28527 28588 28594 0

28194 28646 36
28194 28316 28271 28392 28274 28396 28406 28527 28411 28533 28413 28534 28474 28594 28476 28597 28526 0

28352 28904 35
28352 28534 28527 28710 28533 28715 28534 28717 28722 0

-1 28501

28508 29000 35
28508 28568 28527 28588 28596 28658 28598 28659 28940 0

28508 28750 17
28508 28568 28527 28588 28596 28658 28598 28659 28690 0

28752 28922 20
28752 28813 28863 28920 28869 28921 28876 28922 28877 0

28752 29000 11
28752 28813 28940 0

28504 28620 10
28504 28564 28527 28588 28562 28618 28565 0

28501 28623 6
28501 28561 28527 28588 28563 0

28626 28750 6
28626 28687 28690 0

28752 28875 3
28752 28813 28815 0

28876 28993 10
28876 28937 28935 28992 28938 28993 28939 0

28876 29000 5
28876 28937 28940 0

28841 29000 20
28841 28902 28949 28999 28951 29000 28954 0

28662 29193 38
28662 28723 29133 0

28731 29256 39
28731 28792 29196 0

-1 29001

29204 29378 20
29204 29251 29204 29254 29206 29257 29207 29261 29208 29265 29209 29270 29318 0

29001 29483 39
29001 29062 29363 29423 29364 29425 29400 29460 29402 29463 29423 0

29046 29500 35
29046 29107 29363 29423 29364 29425 29400 29460 29402 29463 29423 29485 29425 29486 29440 0

29027 29173 20
29027 29088 29105 29165 29109 29168 29115 29170 29117 29171 29120 29172 29125 29173 29126 0

29001 29250 19
29001 29062 29190 0

29284 29428 21
29284 29345 29362 29419 29366 29420 29371 29421 29376 29422 29380 29425 29384 0

29251 29500 15
29251 29312 29363 29423 29364 29425 29400 29460 29402 29463 29423 29485 29425 29486 29440 0

29001 29125 6
29001 29062 29065 0

29126 29250 7
29126 29187 29190 0

29251 29374 3
29251 29312 29313 29373 29315 0

29376 29500 5
29376 29437 29400 29460 29401 29462 29423 29485 29425 29486 29440 0

29205 29648 38
29205 29266 29363 29423 29364 29425 29400 29460 29401 29462 29423 29485 29425 29486 29460 29522 29464 29525 29466 29528 29470 29531 29588 0

29319 29756 40
29319 29380 29363 29423 29364 29425 29400 29460 29401 29462 29423 29485 29425 29486 29460 29522 29464 29525 29466 29528 29468 29529 29696 0

-1 29501

29501 29894 39
29501 29562 29707 29769 29709 29770 29773 29835 29775 29836 29834 0

29559 29974 40
29559 29620 29707 29769 29709 29770 29773 29835 29775 29836 29835 29895 29836 29897 29853 29915 29858 29919 29914 0

29531 29672 20
29531 29592 29610 29670 29616 29671 29619 29672 29626 0

29575 29750 20
29575 29626 29576 29628 29578 29631 29579 29638 29582 29643 29690 0

29501 29750 20
29501 29562 29690 0

29825 29974 20
29825 29876 29825 29878 29826 29887 29835 29895 29836 29897 29853 29915 29858 29919 29914 0

29778 30000 16
29778 29839 29835 29895 29836 29897 29853 29915 29858 29919 29915 29975 29919 29980 29940 0

29501 29625 9
29501 29562 29565 0

29626 29750 6
29626 29687 29690 0

29751 29875 10
29751 29812 29772 29834 29775 29836 29815 0

29876 30000 5
29876 29937 29915 29975 29917 29978 29940 0

29778 30279 36
29778 29839 29835 29895 29836 29897 29853 29915 29856 29917 29915 29975 29917 29978 30057 30119 30059 30120 30219 0

29778 30301 38
29778 29839 29835 29895 29836 29897 29853 29915 29856 29917 29915 29975 29917 29978 30057 30119 30059 30120 30241 0

29590 30239 39
29590 29773 29651 29835 29653 29836 29835 30017 29836 30019 29874 30058 29876 30059 29915 30097 29919 30102 30057 0

-1 30001

30002 30424 34
30002 30063 30056 30118 30059 30120 30302 30364 30304 30365 30364 0

30002 30461 38
30002 30063 30056 30118 30059 30120 30302 30364 30304 30365 30388 30448 30402 0

30080 30250 20
30080 30126 30080 30127 30081 30129 30084 30136 30085 30140 30086 30145 30087 30148 30190 0

30002 30250 14
30002 30063 30056 30118 30059 30120 30190 0

30281 30425 20
30281 30342 30302 30364 30304 30365 30366 30420 30369 30421 30372 30423 30375 30425 30376 0

30256 30500 22
30256 30317 30302 30364 30304 30365 30388 30448 30405 30464 30409 30469 30441 0

30002 30125 5
30002 30063 30056 30118 30059 30120 30065 0

30127 30250 5
30127 30186 30131 30192 30190 0

30253 30375 10
30253 30314 30302 30364 30304 30365 30315 0

30383 30500 11
30383 30438 30384 30440 30385 30442 30386 30446 30405 30464 30409 30469 30441 0

30376 30500 8
30376 30437 30386 30446 30405 30464 30407 30467 30441 0

30271 30645 39
30271 30332 30302 30364 30304 30365 30386 30446 30405 30464 30407 30467 30448 30509 30585 0

30321 30727 39
30321 30382 30386 30446 30405 30464 30407 30467 30446 30507 30667 0

30123 30584 28
30123 30306 30222 30404 30223 30406 30266 30448 30403 0

30411 30921 30
30411 30593 30448 30631 30739 0

-1 30501

30532 30958 37
30532 30593 30680 30742 30682 30743 30898 0

30567 30982 37
30567 30628 30680 30742 30682 30743 30922 0

30576 30727 20
30576 30626 30576 30628 30577 30636 30578 30639 30667 0

30509 30750 21
30509 30570 30680 30742 30682 30743 30690 0

30751 31000 21
30751 30812 30940 0

30504 30625 9
30504 30565 30566 0

30626 30744 10
30626 30687 30680 30740 30682 30741 30687 30743 30689 0

30626 30750 6
30626 30687 30680 30742 30682 30743 30690 0

30751 30871 8
30751 30812 30808 30867 30812 30870 30814 0

30751 30875 7
30751 30812 30815 0

30876 31000 8
30876 30937 30940 0

30950 31135 20
30950 30999 30952 31002 30953 31004 30954 31008 30956 31016 30957 31018 31075 0

30762 31276 40
30762 30823 31080 31142 31083 31144 31142 31202 31144 31205 31216 0

30810 31361 40
30810 30871 31080 31142 31083 31144 31142 31202 31144 31205 31301 0

30672 31262 39
30672 30794 31019 31142 31022 31144 31141 0

30762 31433 40
30762 30884 31019 31142 31022 31144 31142 31263 31144 31266 31312 0

-1 31001

31001 31494 33
31001 31062 31081 31141 31082 31143 31142 31202 31143 31204 31434 0

31001 31173 20
31001 31062 31081 31141 31082 31143 31109 31168 31114 31169 31117 31170 31119 31171 31122 31172 31126 31173 31127 0

31001 31250 14
31001 31062 31080 31142 31083 31144 31142 31202 31144 31205 31190 0

31251 31494 17
31251 31312 31434 0

31001 31114 11
31001 31062 31052 31111 31061 31113 31063 31114 31064 0

31001 31125 2
31001 31062 31065 0

31128 31244 10
31128 31189 31142 31202 31143 31204 31182 31242 31188 31244 31189 0

31128 31250 6
31128 31189 31142 31202 31143 31204 31190 0

31251 31375 5
31251 31312 31315 0

31376 31495 8
31376 31437 31434 31494 31438 31495 31439 0

31376 31500 6
31376 31437 31440 0

31344 31500 20
31344 31405 31434 31494 31439 31495 31442 31496 31446 31497 31448 31498 31451 31500 31452 0

31221 31660 39
31221 31282 31539 31601 31541 31602 31600 0

31322 31710 40
31322 31383 31539 31601 31541 31602 31601 31661 31602 31663 31650 0

31128 31672 40
31128 31250 31142 31263 31143 31265 31478 31601 31480 31602 31551 0

31345 31811 37
31345 31467 31478 31601 31480 31602 31601 31722 31602 31724 31690 0

31001 31644 38
31001 31184 31142 31324 31143 31326 31325 31507 31328 31511 31417 31601 31419 31602 31462 0

31344 31921 36
31344 31527 31417 31601 31419 31602 31462 31646 31464 31647 31601 31783 31602 31785 31703 31887 31705 31888 31739 0

-1 31501

31750 31885 19
31750 31793 31753 31797 31757 31802 31759 31805 31760 31811 31761 31813 31762 31819 31763 31822 31764 31824 31766 31827 31825 0

31705 31885 20
31705 31751 31705 31755 31706 31758 31707 31761 31709 31770 31825 0

31525 32000 40
31525 31586 31539 31601 31541 31602 31601 31661 31602 31663 31825 31887 31827 31888 31886 31948 31888 31949 31905 31967 31907 31968 31940 0

31574 31727 20
31574 31626 31575 31629 31576 31632 31577 31634 31578 31639 31601 31661 31602 31663 31667 0

31508 31750 22
31508 31569 31539 31601 31541 31602 31601 31661 31602 31663 31690 0

31751 31926 16
31751 31812 31825 31885 31827 31888 31861 31920 31863 31921 31868 31922 31871 31924 31873 31925 31876 31926 31877 0

31751 32000 15
31751 31812 31825 31887 31827 31888 31886 31948 31888 31949 31905 31967 31907 31968 31940 0

31504 31625 10
31504 31565 31539 31601 31541 31602 31565 0

31630 31750 6
31630 31691 31691 0

31751 31875 2
31751 31812 31815 0

31876 32000 10
31876 31937 31885 31947 31888 31949 31905 31967 31907 31968 31941 0

31674 32191 38
31674 31735 31825 31885 31827 31888 31885 31947 31888 31949 31905 31967 31907 31968 31967 32027 31968 32029 31990 32052 31992 32053 32131 0

31841 32287 40
31841 31902 31885 31947 31888 31949 31905 31967 31907 31968 31967 32027 31968 32029 31988 32048 31992 32053 32227 0

31622 32210 39
31622 31744 31844 31967 31846 31968 31886 32009 31888 32010 31966 32089 31969 32091 32089 0

31805 32347 40
31805 31927 31844 31967 31846 31968 31885 32008 31888 32010 31967 32088 31968 32090 32130 32253 32132 32254 32226 0

-1 32001

32001 32398 34
32001 32062 32252 32314 32254 32315 32338 0

32029 32500 39
32029 32090 32252 32314 32254 32315 32440 0

32001 32478 31
32001 32123 32130 32251 32132 32254 32357 0

32001 32250 14
32001 32062 32190 0

32326 32500 18
32326 32376 32330 32387 32331 32392 32440 0

32254 32500 17
32254 32315 32440 0

32001 32117 10
32001 32062 32054 32109 32063 32117 32064 0

32001 32125 5
32001 32062 32065 0

32126 32250 7
32126 32187 32191 0

32253 32374 8
32253 32313 32254 32315 32314 0

32376 32500 3
32376 32437 32440 0

32289 32732 39
32289 32350 32496 32556 32500 32557 32506 32565 32509 32569 32510 32571 32672 0

32228 32704 40
32228 32289 32251 32313 32254 32315 32644 0

32268 32736 38
32268 32329 32676 0

32253 32814 40
32253 32375 32656 32777 32657 32779 32693 0

32090 32703 39
32090 32273 32251 32435 32254 32437 32521 0

-1 32501

32728 33172 35
32728 32789 32777 32839 32779 32840 32815 32877 32818 32879 32820 32882 32822 32883 33112 0

32779 33228 40
32779 32840 32815 32877 32818 32879 32820 32882 32822 32883 33127 33189 33133 33194 33168 0

32596 33187 40
32596 32779 32777 32961 32779 32962 32882 33064 32883 33066 33005 0

32779 33368 39
32779 32962 32882 33064 32883 33066 33005 33189 33011 33194 33186 0

32503 32937 38
32503 32564 32677 32737 32678 32739 32717 32777 32718 32779 32777 32839 32779 32840 32815 32877 32818 32879 32820 32882 32822 32883 32877 0

32570 32980 36
32570 32631 32677 32737 32678 32739 32717 32777 32718 32779 32777 32839 32779 32840 32815 32877 32818 32879 32820 32882 32822 32883 32920 0

32981 33415 40
32981 33042 33127 33189 33129 33190 33189 33249 33193 33254 33207 33269 33212 33273 33269 33329 33273 33334 33315 33375 33316 33377 33355 0

33058 33460 36
33058 33119 33127 33189 33129 33190 33189 33249 33190 33251 33207 33269 33210 33271 33269 33329 33273 33334 33315 33375 33316 33377 33400 0

32509 32669 20
32509 32570 32601 32660 32606 32661 32611 32663 32614 32665 32616 32666 32621 0

32570 32736 20
32570 32620 32574 32628 32575 32636 32676 0

32503 32736 18
32503 32564 32676 0

32741 32911 20
32741 32802 32777 32839 32779 32840 32815 32877 32818 32879 32820 32882 32822 32883 32845 32904 32850 32905 32853 32907 32855 32908 32858 32909 32860 32910 32862 0

32741 32980 19
32741 32802 32777 32839 32779 32840 32815 32877 32818 32879 32820 32882 32822 32883 32920 0

32981 33153 19
32981 33042 33086 33146 33089 33148 33094 33149 33097 33151 33099 33152 33101 33153 33102 0

32981 33220 20
32981 33042 33127 33189 33133 33194 33160 0

33221 33460 16
33221 33282 33269 33329 33271 33332 33315 33375 33316 33377 33400 0

32505 32620 11
32505 32560 32508 32565 32509 32569 32510 32571 32560 0

32501 32618 8
32501 32558 32506 32565 32509 32569 32510 32571 32558 0

32622 32740 11
32622 32679 32624 32685 32677 32737 32678 32739 32680 0

32621 32739 10
32621 32682 32681 32737 32684 0

32743 32860 8
32743 32799 32745 32802 32746 32807 32777 32839 32779 32840 32800 0

32743 32860 7
32743 32801 32743 32802 32744 32805 32777 32839 32779 32840 32801 0

32741 32860 6
32741 32802 32777 32839 32779 32840 32801 32859 32803 0

32987 33100 10
32987 33041 32987 33043 32988 33047 32990 33050 32991 33052 33041 0

32984 33100 8
32984 33041 32984 33042 32987 33046 32990 33050 32991 33052 33041 0

32981 33098 8
32981 33042 33034 33094 33036 33095 33041 33098 33042 0

33221 33336 11
33221 33282 33269 33329 33272 33331 33277 33332 33282 0

33345 33460 10
33345 33401 33346 33403 33347 33408 33401 0

33341 33458 8
33341 33402 33401 33458 33402 0

-1 -1

