StartIndx  EndIndex Length Period   Reps Errs Score
        1       144     38    6.0    6.3    0    32
        1       137     31    6.0    5.2    0    25
      581       771    188   63.3    3.0   23    33
      642       804    161   65.0    2.5   17    28
     2591      2610     19    3.0    6.3    0    16
     2591      2613     22    3.0    7.3    1    15
     2591      2609     18    3.0    6.0    0    15
     3085      3148     63    4.3   14.5   11    15
     3094      3148     55    4.2   13.3    6    27
     3119      3148     30    4.3    7.0    2    18
     3094      3165     71    4.1   17.5    8    35
     3748      3918    169   32.4    5.2   20    57
     3794      3945    149   32.2    4.6   20    37
     3722      3918    194   65.3    3.0   17    62
     3712      3909    195   32.3    6.0   25    63
     3961      4086    124   32.8    3.8   15    32
     3961      4163    200   32.8    6.1   32    40
     3712      3777     65   32.0    2.0    3    21
     3683      3775     92   33.3    2.8   11    16
     3787      3909    121   32.3    3.8   14    33
     3961      4036     75   32.0    2.3    7    15
     4082      4163     80   32.4    2.5    6    24
     4046      4163    116   33.9    3.4   16    19
     4103      4192     89   32.4    2.8    5    37
     4103      4196     93   32.3    2.9    7    33
     3980      4180    198   99.0    2.0   11    55
     4396      4451     55   20.0    2.8    5    15
     4305      4338     34   10.0    3.4    2    16
     5537      5557     21    1.0   20.0    1    16
     5367      5385     19    1.0   19.0    0    18
     5368      5385     18    1.0   18.0    0    17
     5537      5555     19    1.0   19.0    0    18
     5952      5970     19    1.0   19.0    0    18
     6030      6048     19    3.0    6.3    0    16
     5952      5969     18    1.0   18.0    0    17
     5954      5969     16    1.0   16.0    0    15
     6826      6897     71    4.4   16.0   13    15
     6840      6897     57    4.0   14.3    5    33
     6840      6887     47    4.0   11.8    4    27
     6858      6887     30    4.0    7.5    2    18
     7712      7845    133   31.8    4.2   20    23
     7714      7878    163   32.0    5.1   20    51
     7708      7927    217   64.1    3.4   17    86
     7714      8220    500  185.8    2.7   16   255
     7714      8220    500  187.8    2.7   14   260
     7708      8220    506  192.8    2.6    9   278
     7967      8121    153   27.6    5.5   19    59
     7967      8146    177   30.7    5.8   15    90
     7758      8146    383   31.8   12.0   35   210
     7785      8213    423   63.9    6.6   39   203
     7716      8220    498  192.2    2.6    6   283
     7839      7951    111   28.0    4.0   19    18
     7816      7951    134   29.5    4.5   17    45
     7758      7951    191   32.0    6.0   12   110
     7967      8093    125   29.8    4.2   10    62
     7967      8120    152   30.8    4.9   10    85
     7967      8146    177   31.9    5.5    9   108
     7967      8220    250   32.1    7.8   26   113
     7745      7839     94   31.0    3.0    9    27
     7758      7839     81   32.8    2.5    5    30
     7843      7927     83   28.3    2.9    9    24
     7843      7929     85   29.3    2.9    7    31
     7843      7951    107   31.6    3.4    5    56
     7967      8093    125   31.8    3.9    3    82
     8094      8220    125   32.5    3.8   18    20
     7841      7902     61   30.0    2.0    2    24
     8221      8373    151   29.8    5.1   16    64
     8194      8373    177   30.5    5.8   19    75
     8148      8373    223   32.0    7.0   20   110
     8094      8373    276   32.2    8.6   33   111
     8092      8439    343   64.3    5.3   39   122
     7973      8379    401   63.9    6.3   40   177
     8006      8447    436   95.8    4.6   37   194
     7933      8383    445   96.8    4.6   39   194
     8038      8543    499  127.5    3.9   39   217
     8221      8724    497  186.4    2.7   10   274
     8168      8724    549  192.0    2.9   12   309
     7716      8339    616  191.4    3.2   16   361
     7716      8447    722  200.0    3.6   40   371
     7973      8724    741  214.9    3.4   40   389
     7805      8724    907  412.3    2.2   15   437
     7758      8724    953  416.7    2.3   16   474
     8375      8494    118   28.6    4.1   18    28
     8375      8568    191   31.8    6.0   11   114
     8297      8660    359   63.8    5.6   40   135
     8291      8660    365   63.8    5.7   38   150
     8291      8720    424   64.0    6.6   40   202
     8228      8642    409   95.1    4.3   38   164
     8221      8657    431  127.7    3.4   29   190
     8228      8724    490  191.4    2.6    1   295
     8228      8365    136   28.1    4.8   20    39
     8228      8348    119   30.0    4.0    6    68
     8228      8473    243   31.7    7.7   26   108
     8228      8473    243   31.9    7.6   24   116
     8597      8724    126   27.1    4.6   20    34
     8585      8724    138   26.6    5.2   20    43
     8576      8724    147   29.8    4.9   15    64
     8503      8724    219   32.0    6.8   22    99
     8474      8724    247   31.9    7.7   24   120
     8228      8312     84   28.3    3.0    9    25
     8228      8347    118   31.3    3.8    2    79
     8375      8473     98   32.0    3.1    5    47
     8474      8568     93   31.7    2.9    9    26
     8474      8574     99   32.0    3.1    8    36
     8474      8568     93   31.7    2.9    6    38
     8641      8724     83   24.2    3.4   11    18
     8603      8688     85   28.3    3.0    8    30
     8603      8724    120   31.3    3.8    1    85
     8284      8346     62   30.0    2.1    4    17
     8570      8945    371   31.8   11.7   29   224
     8516      8914    393   32.1   12.3   39   204
     8491      8976    480   63.7    7.5   40   258
     8484      8947    457   63.9    7.2   39   237
     8459      8965    500   95.4    5.2   40   245
     8408      8987    571  126.4    4.5   40   285
     8395      8993    590  159.3    3.7   33   299
     8228      8869    633  191.4    3.3   21   358
     8861      9006    144   29.6    4.9   20    42
     8841      9011    169   30.8    5.5   20    62
     8782      8993    209   31.9    6.5   21    93
     8841      9015    173   31.7    5.5   17    73
     8728      8980    250   31.7    7.9   21   135
     8728      8854    125   31.5    4.0    6    70
     8855      8980    125   31.7    3.9    7    66
    10598     10733    134   17.0    7.9   22    29
    10598     10744    145   17.0    8.5   23    36
    10616     10753    137   68.0    2.0    7    41
    10630     10744    114   17.0    6.7   18    25
    10324     10367     43   12.3    3.5    3    19
    10630     10675     46   17.0    2.7    3    17
    10697     10744     48   17.0    2.8    3    19
    10620     10764    143   51.0    2.8   19    16
    10616     10769    152   68.0    2.2   10    44
    13888     14182    291  144.5    2.0   18    75
    16039     16061     23    3.1    7.3    1    16
    16536     16711    174   57.7    3.0   20    43
    16527     16725    196   60.7    3.2   19    60
    16540     16841    298   61.0    4.9   24   141
    16589     16841    250   61.0    4.1   19   113
    16589     16714    125   61.0    2.0    6    40
    16723     16841    118   57.4    2.1   12    16
    16719     16841    121   58.4    2.1   11    21
    16715     16841    125   61.0    2.0    7    36
    16569     17097    521   61.1    8.5   40   300
    16652     17217    559   61.0    9.2   40   338
    16567     17332    755  244.0    3.1   40   351
    17036     17224    186   55.9    3.3   23    50
    16842     17285    438   61.0    7.2   29   261
    16842     17344    496   61.0    8.1   38   283
    16842     17092    247   61.0    4.0   12   138
    17096     17223    126   56.9    2.2   14    21
    17096     17272    175   57.4    3.0   19    49
    17096     17348    250   61.0    4.1   21   105
    16842     16968    125   61.0    2.0    4    48
    16974     17092    117   58.5    2.0    7    33
    16970     17095    124   60.5    2.0    5    44
    17096     17219    122   60.5    2.0    4    47
    17096     17222    125   61.0    2.0    3    52
    17226     17348    122   60.5    2.0    9    26
    17242     17397    154   56.3    2.7   19    30
    17116     17514    393   61.0    6.4   37   184
    17175     17562    383   61.0    6.3   39   166
    16992     17500    502  122.0    4.1   39   224
    17243     17668    420  122.0    3.4   32   170
    16930     17518    580  183.0    3.2   37   249
    17228     17791    556  183.0    3.0   34   237
    17599     17791    190   56.3    3.4   20    65
    17554     17791    234   57.8    4.0   20   106
    17394     17852    453   61.0    7.4   33   260
    17349     17602    250   61.0    4.1   25    89
    17619     17773    153   54.6    2.8   20    30
    17603     17852    247   61.0    4.0    9   150
    17349     17475    125   61.0    2.0    8    32
    17476     17602    125   61.0    2.0    8    32
    17603     17729    125   61.0    2.0    3    52
    17738     17852    114   55.3    2.1   12    16
    17737     17852    115   56.4    2.0   11    19
    17733     17852    119   58.5    2.0    7    35
    17730     17852    122   60.5    2.0    3    50
    17504     18079    568   60.9    9.3   40   347
    17524     18128    597   61.0    9.8   40   376
    17456     18144    679  122.0    5.6   38   405
    17524     18239    706  122.0    5.8   40   424
    17856     18311    449   61.0    7.4   39   232
    17899     18359    454   60.9    7.5   36   249
    17856     18347    485  122.0    4.0   29   247
    17856     18363    500  122.0    4.1   32   250
    17983     18109    125   54.2    2.3   15    16
    17929     18087    157   53.8    2.9   20    27
    17856     18109    250   61.0    4.1   20   109
    18110     18359    246   61.0    4.0   18   113
    17856     17982    125   61.0    2.0    7    36
    17984     18109    124   60.0    2.1    5    45
    17986     18109    122   61.0    2.0    3    49
    18110     18230    119   59.0    2.0    7    34
    18110     18236    125   61.0    2.0    5    44
    18247     18363    115   56.4    2.0   12    15
    18241     18359    117   58.5    2.0    9    25
    18239     18359    119   59.5    2.0    7    33
    18241     18363    121   60.5    2.0    6    37
    18317     18469    151   51.1    3.0   20    25
    18254     18412    157   55.7    2.8   19    35
    18107     18575    462   61.0    7.6   40   241
    18169     18620    446   61.0    7.3   40   225
    18022     18582    553  122.0    4.5   40   271
    18175     18787    604  183.0    3.3   40   261
    18617     18774    156   50.9    3.1   20    30
    18364     18868    498   61.0    8.2   40   277
    18364     18616    250   61.0    4.1   20   109
    18694     18833    138   50.9    2.7   19    17
    18642     18789    146   55.0    2.7   20    21
    18617     18868    248   61.0    4.1   12   139
    18364     18477    113   55.6    2.0   12    15
    18364     18481    117   57.6    2.0   10    23
    18364     18489    125   61.0    2.0    6    40
    18490     18611    120   59.0    2.0   11    19
    18492     18616    123   60.0    2.1    8    32
    18490     18616    125   60.5    2.1    7    37
    18617     18743    125   61.0    2.0    4    48
    18746     18862    115   56.6    2.0   12    15
    18746     18869    122   60.5    2.0    5    42
    18560     19066    499   61.0    8.2   40   278
    18612     19153    534   61.0    8.8   40   313
    18871     19295    419   61.0    6.9   38   206
    18926     19377    446   61.1    7.3   37   237
    18871     19123    250   61.0    4.1   18   117
    19199     19377    176   57.4    3.1   19    50
    19124     19377    250   61.0    4.1   17   121
    18871     18997    125   61.0    2.0    7    36
    18998     19123    125   61.0    2.0    5    44
    19124     19244    119   59.0    2.0   12    15
    19124     19250    125   61.0    2.0    8    32
    19251     19377    125   61.0    2.0    4    48
    19283     19424    140   55.1    2.5   20    15
    19112     19544    427   61.0    7.0   38   214
    19174     19625    446   61.0    7.3   39   229
    18996     19591    588  183.0    3.2   37   257
    19181     19770    582  183.0    3.2   38   247
    19630     19794    162   52.2    3.1   20    34
    19427     19844    413   60.9    6.8   32   224
    19427     19882    450   61.1    7.4   38   237
    19382     19629    245   61.0    4.0   20   105
    19631     19808    175   57.4    3.0   19    49
    19631     19882    248   61.0    4.1   18   115
    19382     19504    121   60.5    2.0    9    25
    19506     19629    123   60.5    2.0    4    47
    19631     19757    125   61.0    2.0    4    48
    19758     19882    123   61.0    2.0    8    30
    19615     20065    444   61.0    7.3   39   227
    19736     20157    416   60.9    6.8   39   199
    19685     20188    497  122.0    4.1   40   215
    19489     20081    584  183.0    3.2   37   253
    19698     20266    561  183.0    3.1   40   218
    19885     20303    413   61.0    6.8   37   204
    19917     20338    417   61.0    6.8   39   200
    19963     20126    162   51.4    3.1   20    35
    19962     20138    174   57.1    3.0   20    45
    19885     20138    250   61.0    4.1   18   117
    20172     20317    144   57.0    2.5   18    21
    20145     20380    233   61.0    3.8   22    84
    19885     20011    125   61.0    2.0    8    32
    20021     20138    116   56.4    2.1   12    16
    20012     20130    117   57.6    2.0   11    19
    20012     20138    125   61.0    2.0    5    44
    20142     20264    122   60.0    2.0    9    27
    20265     20391    125   61.0    2.0    9    28
    20392     20568    174   57.4    3.0   20    44
    20172     20568    391   61.0    6.4   37   182
    20231     20685    449   61.0    7.4   40   228
    20516     20692    175   56.5    3.1   18    56
    20392     20836    439   61.0    7.2   36   234
    20408     20885    471   61.0    7.7   40   250
    20392     20645    250   61.0    4.1   18   117
    20646     20898    250   61.0    4.1   21   105
    20394     20518    123   58.9    2.1    9    30
    20392     20518    125   61.0    2.0    7    36
    20519     20645    125   58.9    2.1    6    44
    20521     20645    123   61.0    2.0    2    54
    20646     20770    123   61.0    2.0    6    38
    20777     20898    121   58.4    2.1   10    25
    20776     20898    122   61.0    2.0    7    34
    20899     21075    174   56.8    3.1   20    46
    20658     21087    424   61.1    6.9   40   203
    20739     21153    409   61.0    6.7   36   204
    20772     21318    540  183.0    3.0   33   225
    20905     21329    419   60.7    6.9   37   210
    20905     21329    419   61.0    6.9   35   218
    20905     21405    494   61.0    8.1   40   273
    20905     21149    241   61.0    4.0   14   124
    21231     21379    147   50.5    2.9   20    22
    21230     21394    163   52.9    3.1   20    34
    21159     21405    244   61.0    4.0   17   115
    20901     21025    123   60.5    2.0    6    39
    21027     21152    124   61.0    2.0    5    43
    21155     21279    123   60.5    2.0    8    31
    21283     21398    115   56.6    2.0   11    19
    21283     21405    122   61.0    2.0    3    49
    21405     21576    169   55.7    3.0   20    44
    21135     21667    526   61.0    8.6   40   305
    21178     21689    505   61.0    8.3   36   300
    20979     21642    654  183.0    3.6   40   311
    21410     21789    375   60.8    6.2   29   199
    21455     21887    427   60.7    7.0   40   206
    21410     21580    169   56.3    3.0   17    54
    21410     21659    247   61.0    4.0   13   134
    21660     21913    250   60.5    4.1   30    69
    21660     21913    250   60.5    4.1   25    89
    21416     21532    116   56.4    2.1   12    16
    21409     21532    123   60.0    2.1    6    40
    21410     21532    122   61.0    2.0    4    45
    21533     21659    125   61.0    2.0    6    40
    21667     21786    118   56.9    2.1   12    16
    21660     21786    125   60.5    2.1    6    41
    21787     21913    125   60.5    2.1    9    29
    21736     22098    358   60.7    5.9   34   163
    21755     22160    400   60.7    6.6   38   189
    21652     22098    441  120.8    3.7   38   168
    21942     22307    361   61.0    5.9   40   140
    21916     22361    440   61.0    7.2   40   219
    22004     22420    411   60.9    6.8   38   199
    21916     22160    242   61.0    4.0   16   117
    22167     22420    250   60.8    4.1   20   110
    21916     22039    123   61.0    2.0    5    42
    22043     22160    116   58.0    2.0    9    25
    22043     22166    122   60.5    2.0    6    38
    22175     22292    116   56.9    2.0   11    19
    22167     22286    118   58.5    2.0    9    27
    22167     22292    124   61.0    2.0    4    47
    22301     22420    118   57.4    2.1   10    23
    22294     22420    125   60.0    2.1    8    34
    22166     22594    423   60.9    7.0   40   202
    22247     22688    435   60.7    7.2   40   214
    22246     22771    518  121.8    4.3   37   249
    22434     22914    474   61.0    7.8   33   281
    22434     22927    487   61.0    8.0   36   282
    22500     22649    148   51.2    2.9   20    22
    22495     22673    177   57.4    3.1   19    51
    22434     22673    237   61.0    3.9   15   116
    22680     22849    167   56.3    3.0   20    40
    22680     22927    244   61.0    4.0   16   119
    22423     22547    123   61.0    2.0    8    30
    22548     22673    125   61.0    2.0    5    44
    22678     22800    121   60.5    2.0    3    49
    22803     22927    123   60.0    2.1    8    32
    22805     22927    121   60.5    2.0    6    37
    22872     23037    164   52.1    3.1   21    32
    22751     23180    424   60.7    7.0   40   203
    22617     23126    503   61.0    8.2   40   282
    22711     23219    502   61.0    8.2   40   281
    22534     23099    558  122.0    4.6   38   284
    22470     23115    636  183.0    3.5   40   293
    22931     23373    437   61.1    7.1   35   236
    22950     23433    477   61.0    7.8   40   256
    23054     23180    126   52.9    2.4   16    15
    22931     23180    247   61.0    4.0   17   118
    23181     23433    249   61.0    4.1   20   108
    22928     23054    125   58.9    2.1    9    32
    22931     23054    122   61.0    2.0    6    37
    23059     23180    121   58.9    2.1    6    40
    23055     23180    125   61.0    2.0    3    52
    23181     23307    125   61.0    2.0    6    40
    23312     23433    120   59.0    2.0    9    27
    23308     23434    125   61.5    2.0    8    32
    23435     23591    155   52.4    3.0   20    27
    23192     23609    412   61.1    6.7   38   199
    23273     23683    405   61.0    6.6   40   184
    23262     23739    472  122.0    3.9   40   190
    23524     23941    412   60.9    6.8   36   207
    23470     23928    453   61.0    7.4   40   232
    23439     23683    241   61.0    4.0   19   104
    23768     23941    172   56.4    3.0   20    45
    23693     23941    246   61.0    4.0   14   129
    23438     23558    119   59.5    2.0    7    33
    23439     23561    121   60.5    2.0    5    41
    23564     23680    115   57.5    2.0   11    17
    23564     23684    119   59.5    2.0    8    29
    23564     23687    122   61.0    2.0    7    33
    23692     23814    122   59.5    2.1    8    32
    23693     23814    121   60.5    2.0    6    37
    23815     23941    125   61.0    2.0    3    52
    23631     24172    535   61.0    8.8   38   322
    23699     24223    518   61.0    8.5   39   301
    23531     24206    666  183.0    3.6   40   323
    24196     24364    167   54.6    3.1   20    35
    23943     24364    416   60.9    6.8   35   216
    24002     24427    420   60.7    6.9   38   207
    23951     24116    163   55.5    2.9   20    38
    23943     24119    174   57.4    3.0   16    60
    23943     24195    249   61.0    4.1   15   128
    24196     24448    250   60.8    4.1   21   105
    23943     24068    124   61.0    2.0    4    47
    24069     24193    123   60.5    2.0    9    28
    24069     24195    125   61.0    2.0    8    32
    24202     24322    119   57.4    2.1   10    24
    24196     24322    125   60.5    2.1    5    45
    24328     24448    120   57.9    2.1   11    21
    24325     24448    123   60.0    2.1    8    32
    24326     24448    122   60.5    2.0    7    34
    24205     24607    397   60.7    6.5   39   180
    24270     24698    423   60.9    7.0   40   203
    24064     24627    556  182.7    3.0   40   213
    24273     24841    561  182.7    3.1   37   231
    24452     24897    439   61.0    7.2   39   222
    24476     24955    474   61.0    7.8   40   253
    24452     24702    247   61.0    4.0   19   110
    24706     24955    247   61.0    4.0   19   110
    24455     24575    119   57.9    2.1   11    20
    24452     24575    122   61.0    2.0    6    37
    24580     24702    121   60.5    2.0    5    41
    24706     24829    122   60.5    2.0    7    34
    24830     24955    125   61.0    2.0    5    44
    24863     25009    145   54.9    2.6   19    24
    24678     25236    552   61.0    9.0   40   331
    24739     25298    552   61.0    9.0   40   331
    24688     25336    640  122.0    5.2   38   366
    25032     25209    176   56.5    3.1   20    50
    25093     25256    161   55.8    2.9   20    35
    24956     25400    438   61.0    7.2   31   253
    24956     25445    483   61.0    7.9   37   274
    25038     25201    162   49.9    3.2   20    37
    24956     25209    250   61.0    4.1   12   141
    25214     25463    246   61.0    4.0   20   105
    24956     25073    116   57.1    2.0   10    23
    24956     25079    122   60.0    2.0    6    39
    24956     25082    125   61.0    2.0    5    44
    25083     25209    125   61.0    2.0    4    48
    25214     25336    121   60.5    2.0    7    33
    25341     25463    121   60.5    2.0    7    33
    25214     25631    412   61.0    6.8   40   191
    25282     25783    495   61.0    8.1   40   274
    25314     25911    590  122.0    4.8   37   320
    25055     25681    618  183.0    3.4   40   275
    25248     25936    680  183.0    3.7   40   337
    25469     25970    495   61.0    8.1   33   302
    25535     25716    180   57.5    3.1   18    58
    25469     25716    245   61.0    4.0   15   124
    25723     25891    166   56.3    3.0   20    39
    25717     25970    250   61.0    4.1   15   129
    25465     25589    124   60.5    2.0    8    32
    25590     25716    125   61.0    2.0    3    52
    25717     25842    124   61.0    2.0    4    47
    25848     25970    121   58.9    2.1   10    24
    25844     25970    125   60.5    2.1    7    37
    25597     26205    601   61.0    9.9   40   380
    25771     26275    498   61.0    8.2   39   281
    25531     26264    724  122.0    5.9   39   446
    25687     26336    641  122.0    5.3   39   363
    26223     26384    159   52.3    3.0   18    39
    25971     26445    469   61.0    7.7   33   276
    25999     26474    469   61.0    7.7   38   256
    25971     26143    171   56.1    3.0   19    49
    25971     26221    248   61.0    4.1   14   131
    26231     26402    169   57.6    2.9   17    50
    26231     26474    240   61.0    3.9   17   111
    25971     26097    125   61.0    2.0    3    52
    26100     26215    115   57.5    2.0   10    21
    26100     26223    123   61.0    2.0    6    38
    26227     26350    122   59.5    2.1    7    36
    26228     26350    121   60.5    2.0    5    41
    26351     26477    125   61.0    2.0    9    28
    26218     26653    430   61.0    7.0   40   209
    26325     26704    375   60.7    6.2   39   158
    26328     26820    486  122.0    4.0   39   208
    26108     26683    568  183.0    3.1   39   229
    26280     26868    581  183.0    3.2   39   242
    25971     26705    725  244.0    3.0   38   329
    26500     26903    398   61.0    6.5   36   193
    26557     26965    403   61.0    6.6   36   198
    26478     26730    250   61.0    4.1   22   101
    26731     26981    247   61.0    4.0   21   102
    26478     26604    125   61.0    2.0    7    36
    26605     26730    125   61.0    2.0    7    36
    26731     26850    118   57.6    2.0   11    20
    26731     26856    124   61.0    2.0    5    43
    26858     26984    125   61.0    2.0    7    36
    26760     27120    356   61.2    5.8   39   139
    26850     27192    338   61.0    5.5   36   133
    26699     27124    420  122.0    3.4   39   142
    26862     27279    412  122.0    3.4   37   142
    27239     27403    163   51.4    3.2   20    36
    27002     27471    463   61.0    7.6   40   242
    27063     27491    423   61.0    6.9   35   222
    27002     27238    233   61.0    3.8   20    92
    27239     27491    250   61.0    4.1   16   125
    26986     27111    124   60.5    2.0    9    28
    27118     27238    119   57.9    2.1   12    16
    27112     27238    125   61.0    2.0    7    36
    27239     27363    124   61.0    2.0    2    55
    27365     27491    125   61.0    2.0    5    44
    27194     27639    440   61.0    7.2   37   231
    27310     27753    438   61.0    7.2   39   221
    27493     27916    418   61.1    6.8   37   209
    27523     27974    446   61.0    7.3   38   233
    27493     27745    249   61.0    4.1   18   116
    27746     27996    248   61.0    4.1   21   103
    27493     27618    124   61.0    2.0    8    31
    27619     27745    125   61.0    2.0    4    48
    27746     27872    125   61.0    2.0    7    36
    27875     27998    123   61.0    2.0    6    38
    27775     28283    502   61.0    8.2   36   297
    27775     28317    535   61.0    8.8   39   318
    27583     28243    651  183.0    3.6   37   320
    28096     28305    207   57.4    3.6   21    75
    28002     28430    423   61.0    6.9   32   234
    28002     28467    459   60.9    7.5   37   251
    28079     28252    171   56.1    3.0   20    45
    28002     28252    247   61.0    4.0   12   138
    28329     28467    137   53.3    2.6   18    16
    28328     28467    138   54.6    2.5   17    19
    28264     28505    239   60.5    4.0   23    88
    28002     28123    120   60.0    2.0    6    37
    28002     28125    122   61.0    2.0    5    41
    28126     28252    125   60.5    2.1    3    53
    28258     28379    120   58.4    2.1   11    20
    28253     28379    125   60.0    2.1   10    26
    28380     28505    125   60.0    2.1   10    26
    28311     28661    346   60.6    5.7   37   137
    28349     28737    383   60.5    6.3   39   166
    28229     28676    442  121.1    3.7   40   160
    28352     28800    442  121.5    3.6   38   170
    28125     28586    455  182.2    2.5   28   162
    28526     28947    416   61.0    6.8   40   195
    28567     28995    423   61.0    6.9   40   202
    28583     28737    153   53.9    2.8   20    23
    28516     28759    241   61.0    4.0   21    96
    28838     28985    146   52.0    2.8   20    19
    28837     28995    157   53.1    3.0   20    28
    28764     29013    246   61.0    4.0   21   101
    28512     28632    120   58.4    2.1   12    16
    28510     28632    122   59.5    2.1   11    20
    28511     28632    121   60.5    2.0    8    29
    28633     28759    125   61.0    2.0    6    40
    28764     28886    121   60.5    2.0    8    29
    28887     29013    125   61.0    2.0    6    40
    29014     29169    154   53.1    2.9   20    25
    28831     29272    436   60.9    7.2   40   215
    28783     29169    381   60.8    6.3   35   180
    28702     29161    453  121.7    3.7   36   188
    28863     29422    553  182.3    3.0   35   231
    29021     29520    493   60.9    8.1   35   293
    29021     29266    243   60.8    4.0   17   115
    29268     29441    171   56.7    3.0   20    45
    29268     29520    249   61.0    4.1   11   144
    29017     29134    117   58.0    2.0   10    21
    29014     29137    123   60.5    2.0    6    39
    29140     29266    125   61.0    2.0    6    40
    29268     29393    124   61.0    2.0    3    51
    29394     29513    118   58.5    2.0   10    23
    29394     29520    125   61.0    2.0    5    44
    29358     29520    160   56.1    2.9   20    33
    29177     29716    532   61.0    8.7   38   319
    29247     29779    526   61.0    8.6   39   309
    29727     29903    175   56.5    3.1   20    48
    29521     30010    483   61.0    7.9   39   266
    29566     30027    455   61.0    7.5   35   254
    29547     29695    147   56.0    2.6   20    19
    29521     29773    250   61.0    4.1   19   113
    29808     29954    145   54.9    2.6   21    16
    29774     30027    250   61.0    4.1   15   129
    29521     29647    125   61.0    2.0    6    40
    29648     29773    125   61.0    2.0    7    36
    29774     29899    124   60.5    2.0    3    52
    29901     30027    125   61.0    2.0    5    44
    29728     30177    444   61.0    7.3   38   231
    29843     30287    438   61.0    7.2   40   217
    30028     30427    394   61.0    6.5   39   177
    30087     30508    416   61.0    6.8   40   195
    30058     30201    142   55.5    2.6   19    19
    30103     30280    176   57.7    3.0   20    45
    30028     30280    250   61.0    4.1   20   109
    30357     30508    150   54.6    2.7   20    19
    30309     30534    223   61.0    3.7   16    98
    30028     30154    125   61.0    2.0    9    28
    30155     30280    125   61.0    2.0    6    40
    30281     30407    125   61.0    2.0   10    24
    30408     30534    125   61.0    2.0    5    44
    30309     30817    502   61.0    8.2   36   297
    30309     30839    524   61.0    8.6   38   311
    30118     30776    650  183.0    3.6   39   311
    30536     30964    423   61.0    6.9   34   226
    30536     31002    460   60.9    7.6   38   248
    30615     30788    171   56.1    3.0   20    45
    30536     30788    249   61.0    4.1   14   132
    30819     30965    145   56.7    2.6   20    15
    30794     31041    245   60.8    4.0   22    97
    30536     30661    124   61.0    2.0    5    43
    30663     30788    124   60.0    2.1    5    45
    30791     30914    123   61.0    2.0   10    22
    30923     31041    118   57.4    2.1   11    19
    30915     31041    125   60.5    2.1    8    33
    30809     31188    375   60.8    6.2   39   158
    30860     31271    407   60.9    6.7   39   190
    30659     31126    462  182.6    2.5   28   168
    30951     31468    511  182.4    2.8   30   209
    31074     31506    427   61.0    7.0   37   218
    31109     31530    416   61.0    6.8   37   207
    31118     31271    152   53.9    2.8   20    22
    31050     31295    242   61.0    4.0   21    97
    31296     31548    250   61.0    4.1   21   105
    31045     31168    122   60.5    2.0    8    30
    31169     31289    119   58.5    2.0   10    23
    31169     31295    125   61.0    2.0    6    40
    31296     31417    121   59.5    2.0    8    31
    31296     31422    125   61.0    2.0    7    36
    31423     31548    125   61.0    2.0    8    32
    31498     31685    186   57.3    3.2   20    57
    31307     31828    515   61.0    8.4   40   294
    31356     31914    552   61.0    9.0   40   331
    31216     31814    591  122.0    4.8   39   313
    31307     31988    672  122.0    5.5   40   390
    31549     32049    494   61.0    8.1   33   301
    31549     31724    173   56.4    3.1   20    46
    31549     31802    250   61.0    4.1   14   133
    31803     32049    244   61.0    4.0   17   115
    31549     31664    114   56.1    2.0   11    19
    31549     31675    125   61.0    2.0    2    56
    31678     31796    117   58.5    2.0   10    21
    31678     31802    123   61.0    2.0    6    38
    31803     31929    125   61.0    2.0    5    44
    31930     32050    120   59.5    2.0    8    31
    31930     32055    125   61.0    2.0    6    40
    31897     32055    157   56.7    2.8   20    28
    31772     32218    440   61.0    7.2   39   223
    31875     32268    389   61.0    6.4   40   168
    31678     32230    545  122.0    4.5   40   263
    31898     32371    467  122.0    3.8   37   197
    31549     32202    644  183.0    3.5   38   309
    31897     32482    578  183.0    3.2   36   251
    32309     32446    136   49.6    2.7   19    17
    32263     32446    181   56.3    3.2   20    55
    32081     32563    476   61.0    7.8   40   255
    32131     32286    154   55.2    2.8   20    22
    32064     32309    243   61.0    4.0   22    94
    32310     32488    176   57.4    3.1   16    62
    32310     32563    250   61.0    4.1   15   129
    32060     32182    122   61.0    2.0   10    21
    32187     32309    121   60.5    2.0    6    37
    32310     32436    125   61.0    2.0    2    56
    32437     32563    125   60.5    2.1    9    29
    32232     32756    518   61.0    8.5   38   305
    32401     32854    447   61.0    7.3   40   226
    32179     32776    589  122.0    4.8   39   311
    32365     32915    543  122.0    4.5   40   261
    32564     32966    398   61.0    6.5   34   201
    32592     33070    472   61.0    7.7   39   255
    32564     33047    478  122.0    3.9   31   232
    32564     32816    250   61.0    4.1   14   133
    32893     33070    175   57.4    3.0   18    53
    32820     33070    247   61.0    4.0   17   118
    32564     32681    117   57.6    2.0   10    23
    32564     32689    125   61.0    2.0    5    44
    32690     32816    125   60.5    2.1    6    41
    32819     32942    122   60.5    2.0    8    30
    32944     33070    125   61.0    2.0    3    52
    32856     33305    444   61.0    7.3   39   227
    32794     33277    477   61.0    7.8   40   256
    32834     33309    469   61.0    7.7   38   256
    32819     33388    562  122.0    4.6   40   280
    32654     33276    614  183.0    3.4   39   275
    33301     33751    445   61.0    7.3   35   244
    33353     33808    450   61.0    7.4   40   229
    33167     33767    592  183.0    3.2   40   249
    33353     33950    590  183.0    3.2   39   251
    33073     33513    435   61.0    7.1   38   222
    33141     33557    411   61.0    6.7   36   206
    33558     33998    435   61.0    7.1   40   214
    33636     34043    403   61.0    6.6   36   198
    33079     33241    161   56.8    2.8   19    36
    33141     33309    167   53.5    3.1   20    37
    33073     33309    234   61.0    3.8   18   101
    33314     33487    171   57.3    3.0   20    41
    33314     33557    240   61.0    3.9   19   103
    33558     33732    173   58.0    3.0   19    45
    33558     33800    240   61.0    3.9   20    99
    33801     34043    240   61.0    3.9   16   115
    33075     33191    116   58.0    2.0   11    17
    33071     33189    118   59.0    2.0    8    29
    33194     33313    119   59.0    2.0   11    18
    33192     33312    119   58.5    2.0   10    23
    33316     33435    118   58.5    2.0    8    30
    33316     33435    118   59.0    2.0    6    36
    33314     33435    120   59.5    2.0    6    38
    33564     33678    114   57.0    2.0    9    24
    33561     33678    117   58.5    2.0    7    32
    33558     33676    118   59.0    2.0    8    29
    33801     33918    116   58.0    2.0   11    17
    33927     34043    116   58.0    2.0    9    24
    33923     34041    118   59.0    2.0    8    29
